9 3 633 1862 2582
9 3 2 652 654
9 5 1 332 1454 1666 1986
9 1 2544
9 5 1016 1256 1761 2175 2176
9 3 1629 1659 2546
9 4 373 1042 1416 1602
9 1 208
9 3 269 281 1996
9 2 723 2614
9 2 476 2545
9 2 1655 1839
9 4 1001 1318 2661 2662
9 2 1701 1810
9 5 158 2034 2075 2077 2668
9 4 1090 1093 1271 2367
9 4 970 1632 2444 2642
9 5 24 927 1315 1316 2140
9 5 139 1560 1786 2082 2145
9 1 1939
9 5 1072 2269 2270 2374 2375
9 2 1043 2310
9 5 39 1234 1702 1703 2238
9 1 2159
9 7 17 201 598 1636 1701 2139 2141
9 4 1301 1344 2011 2317
9 5 99 122 123 2454 2455
9 4 606 1810 2360 2578
9 1 1687
9 2 963 2645
9 6 697 738 1358 1416 2162 2343
9 1 1594
9 4 279 518 1850 1973
9 9 286 588 698 911 1051 2040 2119 2120 2121
9 1 1358
9 3 895 1296 1913
9 8 1146 1505 1552 1640 1781 2094 2106 2107
9 3 60 1190 2427
9 4 429 862 863 1160
9 7 22 1349 1522 1532 1634 1965 2357
9 3 507 866 1364
9 4 175 596 644 1914
9 2 87 1372
9 6 152 963 1530 1653 2399 2400
9 3 1582 2624 2701
9 6 733 1219 1986 2303 2667 2668
9 2 1604 2366
9 2 163 1579
9 9 598 714 1031 1662 1666 2041 2205 2206 2471
9 2 1666 2034
9 1 1441
9 6 457 710 1392 2213 2214 2215
9 5 1139 1467 2053 2172 2182
9 3 1103 1358 1739
9 2 401 767
9 12 60 210 323 651 771 787 815 1079 1156 1983 2020 2021
9 4 412 447 1616 1849
9 1 2418
9 1 1715
9 10 105 580 609 615 1067 1287 1358 1627 1725 2651
9 3 37 55 1527
9 5 1080 1309 1416 2162 2312
9 1 485
9 1 1322
9 3 1209 1737 2616
9 10 239 543 619 771 1156 1293 1628 2021 2418 2419
9 1 2631
9 3 282 540 2628
9 3 391 1358 1986
9 7 604 1013 1351 1914 1920 1926 2189
9 2 441 2184
9 3 206 1986 2691
9 2 1103 1358
9 12 449 558 797 876 1035 1136 1189 1214 1358 1723 1745 1751
9 9 544 586 1042 1118 1416 1517 2052 2155 2419
9 6 84 583 2222 2223 2224 2225
9 3 88 2018 2178
9 2 659 1803
9 3 1219 1329 1418
9 2 603 2097
9 3 257 1117 2049
9 4 347 423 527 2180
9 2 1138 1634
9 2 1520 2581
9 5 75 284 2223 2224 2226
9 3 1065 2487 2488
9 4 429 1336 2034 2295
9 3 42 842 2164
9 36 76 130 162 300 415 498 696 737 743 815 841 851 1174 1288 1309 1394 1494 1527 1658 1677 1713 1732 1741 1847 1882 1908 2010 2011 2012 2013 2014 2015 2016 2017 2178 2394
9 10 258 884 1087 1094 1157 1401 1530 1585 1653 2463
9 4 155 156 817 1358
9 6 330 1046 2001 2122 2123 2380
9 2 898 1836
9 4 550 950 1495 2151
9 11 195 586 675 733 934 1649 1966 2263 2355 2357 2490
9 21 334 456 693 734 736 861 1303 1535 1580 1602 1628 1838 2054 2074 2181 2182 2183 2197 2199 2200 2201
9 1 2217
9 2 661 1353
9 1 1521
9 6 26 122 123 2454 2455 2604
9 2 1602 2056
9 3 281 1358 1589
9 8 109 1251 1448 1561 1623 1871 1878 2256
9 6 139 306 484 608 1775 1790
9 4 401 864 1065 2210
9 4 59 1721 2476 2651
9 1 2461
9 4 541 971 1113 1650
9 3 1647 2157 2209
9 32 102 124 133 153 176 236 289 306 318 426 459 519 563 610 1045 1337 1346 1624 1661 1769 1772 1779 1785 1787 1789 1805 1998 2045 2092 2093 2094 2095
9 5 567 1161 1262 1599 2279
9 6 758 1169 1358 1762 2492 2643
9 4 306 487 1623 2080
9 3 540 747 1884
9 3 610 2288 2506
9 1 973
9 2 1076 1501
9 2 259 2537
9 19 255 388 446 454 554 581 842 1029 1343 1507 1538 1616 1690 1851 2010 2030 2112 2165 2166
9 6 379 646 1537 1549 1901 1959
9 5 483 514 816 1842 2405
9 7 589 802 980 1158 1910 2251 2252
9 4 26 99 2454 2455
9 4 26 99 2455 2604
9 5 109 306 1367 1622 2478
9 2 458 2363
9 6 236 306 1551 1623 2045 2079
9 1 2604
9 4 233 370 392 2270
9 2 441 701
9 3 88 1982 2017
9 2 834 2169
9 5 379 479 904 1022 1959
9 9 109 399 452 1623 1670 1777 1784 2045 2082
9 1 406
9 3 137 2095 2144
9 1 831
9 4 135 2144 2329 2504
9 3 236 306 1776
9 8 18 103 306 660 910 1623 1780 2045
9 2 582 623
9 3 740 1002 2034
9 5 456 525 1628 2049 2181
9 3 316 598 1701
9 4 145 213 1593 2192
9 6 144 213 537 1165 1593 2622
9 5 897 1468 1907 1927 2059
9 2 1519 1976
9 5 378 381 602 714 2518
9 4 1080 1416 1655 2025
9 3 310 914 1942
9 4 1986 2236 2238 2335
9 4 43 884 2238 2240
9 6 109 236 306 459 1623 2045
9 12 326 364 819 1238 1339 1358 1444 1568 1752 1753 1754 2525
9 7 90 156 817 1358 1689 1736 1763
9 6 90 155 817 1358 1689 1763
9 4 598 1701 1870 2493
9 4 14 180 1701 2034
9 2 180 2308
9 7 277 553 743 745 1986 2000 2009
9 2 842 2010
9 5 88 323 1174 1268 1667
9 1 47
9 2 210 211
9 4 598 1473 2706 2707
9 2 271 2617
9 4 168 1056 2437 2482
9 3 167 2437 2438
9 2 1994 2706
9 2 1067 1358
9 3 775 790 1548
9 5 240 512 756 1692 2187
9 4 687 1033 1358 1586
9 4 629 1358 1742 2334
9 7 41 596 955 1914 2135 2217 2388
9 3 109 231 973
9 4 726 1639 2679 2682
9 1 833
9 3 197 231 1986
9 10 158 159 775 790 791 1020 1807 2004 2037 2076
9 4 1013 1359 1464 1683
9 2 183 997
9 3 182 997 1837
9 1 520
9 2 297 2003
9 6 1228 1319 1536 1672 2580 2702
9 1 1208
9 2 1169 1727
9 4 564 1072 1262 1509
9 2 491 2135
9 6 382 608 1677 1791 1998 2385
9 1 2472
9 2 441 458
9 5 473 1050 1451 2564 2646
9 2 94 2424
9 3 429 442 2122
9 3 179 231 2412
9 1 1255
9 2 420 1869
9 2 1439 2676
9 7 24 297 570 598 1701 1986 2430
9 4 353 1173 1250 1345
9 5 854 857 963 1115 1869
9 1 415
9 2 1701 1869
9 2 71 2691
9 1 833
9 1 7
9 1 2681
9 10 55 164 1079 1614 1626 1671 1905 1906 1907 2309
9 5 164 356 1394 1908 1909
9 1 1290
9 4 144 145 1593 2192
9 1 2194
9 3 1701 1986 2045
9 2 1542 1701
9 3 243 2473 2474
9 11 482 733 781 792 1020 1348 1382 2076 2091 2119 2594
9 3 507 1413 1542
9 3 376 817 913
9 1 817
9 1 821
9 3 744 1154 1761
9 2 1810 2034
9 1 2255
9 1 1701
9 2 534 883
9 5 322 848 1358 1721 1871
9 4 1053 1405 1894 2118
9 5 549 577 1095 1217 1810
9 9 176 179 197 232 387 551 1701 1868 2217
9 5 231 869 1701 1864 1986
9 1 128
9 2 610 2591
9 1 1701
9 11 109 126 138 153 306 1072 1572 2045 2046 2078 2079
9 1 2539
9 1 1828
9 13 65 619 887 910 1069 1220 1274 1376 1759 1909 2021 2182 2418
9 5 172 512 756 1472 1692
9 1 1441
9 4 279 838 1131 2280
9 5 217 473 2474 2647 2648
9 4 565 1072 1358 1610
9 2 782 1162
9 4 936 1358 1687 2515
9 1 2583
9 3 1264 1531 1964
9 3 621 1884 1978
9 1 2429
9 7 253 507 812 1300 1413 1542 1933
9 4 711 973 1973 2485
9 3 251 507 1413
9 2 507 1211
9 4 118 1266 1343 2112
9 1 756
9 4 80 964 1388 2180
9 7 89 963 1094 1153 1240 1401 2645
9 2 117 2537
9 1 365
9 4 873 1479 1701 1894
9 2 1351 1464
9 3 364 732 1103
9 4 472 844 1826 1902
9 1 1441
9 4 578 809 2227 2229
9 3 670 2000 2373
9 2 1740 2451
9 5 8 321 418 2543 2551
9 5 279 838 1195 1215 2280
9 5 166 638 1970 2387 2498
9 1 2012
9 2 374 846
9 2 748 749
9 2 805 1967
9 3 1463 1695 2133
9 5 160 553 696 973 1869
9 1 1185
9 12 32 242 270 304 502 666 838 1195 2165 2280 2344 2423
9 2 1535 2155
9 8 8 101 746 1000 1347 1382 2244 2247
9 2 67 747
9 2 1559 2250
9 7 84 583 2222 2223 2224 2225 2226
9 2 502 1999
9 3 33 442 698
9 1 2705
9 1 618
9 3 109 1358 1722
9 5 328 567 687 1765 2359
9 1 1692
9 1 2562
9 1 2038
9 2 306 2047
9 2 1176 1177
9 2 732 2685
9 5 185 201 598 899 1542
9 3 607 1095 1325
9 5 1484 2383 2386 2387 2498
9 3 88 415 634
9 2 1169 2492
9 5 306 350 719 1158 1253
9 3 719 1670 2143
9 4 279 1172 1857 2423
9 2 1416 1927
9 78 103 109 112 124 126 138 139 153 236 294 302 308 329 350 417 426 452 476 487 519 542 554 573 581 608 655 656 719 887 910 958 973 1009 1045 1072 1158 1193 1245 1251 1346 1367 1483 1490 1551 1572 1584 1640 1651 1656 1705 1770 1771 1772 1775 1779 1781 1782 1787 1797 1798 1799 1802 1804 1805 1856 2045 2046 2048 2078 2080 2084 2085 2086 2087 2088 2089 2090 2091
9 1 991
9 5 306 350 1253 1670 2045
9 3 383 2268 2305
9 17 150 352 875 892 990 1241 1272 1331 1581 1815 1944 1945 1946 1947 1948 1949 1950
9 4 343 690 1132 1865
9 3 1610 1722 1740
9 1 2296
9 2 1623 2000
9 5 408 423 1602 1921 2232
9 10 143 598 766 845 920 1073 1297 1821 1868 2004
9 2 1624 1785
9 4 109 563 1701 2045
9 1 1205
9 2 348 1597
9 3 269 1083 1450
9 1 228
9 5 55 162 498 2020 2022
9 3 827 2156 2194
9 2 787 1848
9 3 154 1358 1754
9 5 928 1325 1996 2063 2064
9 3 290 951 1250
9 3 306 1798 2598
9 3 91 1505 2123
9 2 1527 2480
9 5 2 665 2003 2122 2615
9 2 1358 1694
9 3 95 693 1013
9 2 1701 1986
9 2 1944 1950
9 4 1214 1358 1499 1776
9 3 1413 1542 1934
9 1 813
9 2 584 2463
9 5 613 1358 1389 1546 2045
9 2 1072 1512
9 2 311 1701
9 5 389 441 661 854 2323
9 1 833
9 2 999 1358
9 4 81 408 423 525
9 4 320 1643 2248 2250
9 3 419 465 2427
9 14 302 306 308 406 656 1623 1640 1775 1778 1782 2084 2085 2089 2090
9 1 1810
9 3 310 1294 1944
9 4 202 1173 1345 2507
9 3 659 1803 2453
9 1 1668
9 5 211 498 1259 2018 2116
9 4 657 1154 1358 2652
9 1 2642
9 3 389 1483 1620
9 2 1409 1824
9 1 2681
9 1 1966
9 1 1003
9 11 154 263 732 819 970 1306 1358 1606 1632 1756 2642
9 2 260 2469
9 4 553 745 1583 1986
9 2 2083 2451
9 7 428 996 1194 1366 1545 2249 2393
9 2 385 2484
9 5 128 1408 1414 1415 2269
9 7 720 1354 1414 1415 1441 1553 2375
9 4 626 1710 1834 2377
9 3 6 1025 1042
9 7 273 413 846 1101 2146 2147 2149
9 4 963 2401 2434 2435
9 3 220 672 1583
9 4 678 733 1265 2291
9 2 148 602
9 6 119 132 904 1022 1898 1959
9 3 477 930 2569
9 3 148 2518 2538
9 3 191 1203 2034
9 4 309 733 1704 2268
9 2 1623 1624
9 3 369 2483 2484
9 3 2114 2115 2117
9 3 231 519 2191
9 3 118 1899 2497
9 8 344 359 704 905 1077 1483 1743 2450
9 1 1108
9 4 68 493 1986 2365
9 6 128 720 1415 1619 1825 2269
9 1 739
9 5 577 849 1063 1064 2351
9 3 640 1147 2367
9 2 1217 1988
9 4 665 879 1096 2329
9 2 730 2177
9 5 133 544 1089 1769 2107
9 1 1354
9 6 54 104 733 1065 1096 1160
9 7 507 776 1413 1542 1932 1936 1940
9 7 464 806 1037 1383 1742 2503 2654
9 2 1170 1476
9 4 738 1275 1927 2059
9 4 134 350 505 2505
9 4 409 695 1681 1682
9 6 315 347 525 734 1841 2056
9 4 407 1624 1681 2084
9 2 676 1179
9 4 1096 1488 1577 2609
9 3 56 1616 1849
9 1 374
9 1 711
9 21 88 204 300 525 593 737 818 851 966 1174 1309 1527 1644 1677 1843 1847 1850 1908 2014 2178 2182
9 2 519 1701
9 5 306 1072 1871 2034 2494
9 1 269
9 1 349
9 2 199 1869
9 2 2213 2216
9 1 545
9 5 81 315 347 525 527
9 2 436 1203
9 1 2466
9 8 109 306 487 1772 1777 1782 1789 1805
9 2 565 1528
9 5 368 996 1257 2248 2671
9 16 38 86 196 523 705 794 863 1493 1618 1669 1807 1889 2001 2041 2043 2044
9 1 2130
9 2 2694 2695
9 2 1442 1597
9 2 436 756
9 5 1117 1524 1693 2133 2408
9 3 486 733 1912
9 18 424 433 483 498 668 816 878 885 1039 1131 1332 1494 1977 1978 1979 1980 1981 1982
9 5 498 718 950 1495 1985
9 6 718 787 1667 1983 1984 1985
9 2 1169 1642
9 6 441 725 895 1296 1913 2179
9 11 70 129 193 344 440 454 671 1455 1537 2094 2184
9 8 196 286 588 627 698 1051 2120 2362
9 4 1010 1264 1531 1966
9 8 488 515 582 623 828 2289 2290 2464
9 2 909 1434
9 3 118 903 1507
9 4 56 1616 1849 2638
9 4 472 1824 1826 1902
9 4 73 1280 1834 2581
9 2 1569 2538
9 3 671 935 2285
9 4 133 306 1258 1623
9 3 1806 2305 2306
9 11 118 441 581 973 1441 1661 1917 2022 2188 2189 2190
9 3 1664 2147 2486
9 10 95 142 525 544 667 1580 2054 2199 2347 2472
9 4 51 1201 2215 2216
9 6 125 193 1122 1276 1555 1953
9 4 109 153 1623 1681
9 3 1986 1989 2532
9 2 1203 2309
9 1 1048
9 4 1702 1703 1964 1966
9 4 403 1758 2444 2445
9 5 349 896 1403 1869 2304
9 5 970 1305 1358 1738 2546
9 3 1172 1701 1708
9 3 647 1311 1313
9 3 620 2304 2412
9 5 652 854 857 1097 1115
9 3 1013 2013 2394
9 8 264 448 559 844 1182 1183 1825 2029
9 4 194 243 1575 2647
9 1 1181
9 1 2219
9 5 10 306 1140 1800 1986
9 3 380 930 2569
9 3 514 1978 2024
9 2 132 1880
9 6 598 687 1426 1710 2359 2372
9 4 823 1287 1810 2291
9 9 218 790 1807 1810 1812 1814 2230 2307 2308
9 4 120 436 816 2405
9 7 103 542 1367 1699 1775 2046 2081
9 4 62 839 1042 2219
9 4 435 2077 2667 2668
9 12 112 306 426 655 859 1705 1772 1773 1782 1798 2026 2080
9 2 444 2547
9 3 1358 2390 2391
9 9 826 1131 1309 1463 1879 1973 1981 2099 2105
9 1 190
9 7 688 956 1257 1533 2538 2673 2678
9 3 391 1244 1759
9 1 2614
9 3 1327 1328 2192
9 3 596 711 992
9 1 2419
9 6 88 323 356 436 437 1652
9 2 2457 2458
9 1 2241
9 2 1358 1765
9 3 279 285 1976
9 3 576 1692 2001
9 3 1973 2394 2396
9 11 406 573 843 1180 1251 1258 1304 1448 1560 1779 2083
9 4 1013 1352 1914 1918
9 18 40 219 251 253 254 402 812 1176 1211 1300 1363 1413 1931 1933 1936 1940 1941 2508
9 1 2325
9 3 1101 2146 2148
9 3 1013 1131 1171
9 2 549 1810
9 5 172 240 756 1472 1692
9 3 565 657 1528
9 5 120 478 1314 1882 1978
9 6 444 623 1102 2464 2465 2547
9 2 1882 2104
9 2 952 2105
9 4 32 666 1373 2423
9 12 109 306 387 416 598 836 1346 1574 1670 1986 1998 2045
9 1 184
9 1 598
9 1 2097
9 3 429 949 2406
9 5 552 979 1169 1358 2476
9 15 142 347 408 415 423 456 1540 1628 2054 2057 2172 2180 2181 2182 2183
9 4 565 1007 1216 1742
9 2 81 423
9 1 803
9 3 1417 1419 2260
9 3 1013 1505 2094
9 2 606 2308
9 2 1701 1863
9 2 1742 2466
9 4 227 609 629 933
9 2 2392 2641
9 2 567 1894
9 5 145 1165 1593 1698 2192
9 1 1286
9 3 711 1616 2155
9 5 67 113 747 1441 2527
9 6 107 647 904 1022 1360 1896
9 4 306 484 1245 1623
9 2 65 984
9 8 74 399 456 1580 1769 2052 2199 2347
9 1 422
9 2 1608 2127
9 2 598 1701
9 5 809 843 1523 1937 2138
9 4 230 511 1497 1810
9 1 93
9 2 231 2388
9 4 524 1169 1358 2201
9 8 160 277 366 745 1127 1583 1995 2009
9 3 118 306 685
9 1 1463
9 2 1623 1805
9 1 1725
9 5 73 876 1189 1706 2585
9 3 472 1182 1579
9 2 774 2526
9 1 1016
9 4 704 1483 1735 2450
9 5 109 318 1337 1701 2045
9 3 189 1262 2476
9 12 244 427 513 526 687 1038 1361 1398 1528 1610 1723 2279
9 2 1907 1986
9 7 110 290 536 631 760 1262 1513
9 3 1116 1223 1810
9 2 1759 2512
9 2 201 2430
9 2 696 1570
9 3 1416 2025 2418
9 5 306 505 643 1313 2407
9 3 576 1692 2001
9 1 2283
9 5 503 574 665 1810 2348
9 12 230 394 849 870 906 1063 1129 1518 2351 2352 2353 2354
9 4 266 1105 1879 1974
9 3 994 1134 1808
9 8 59 744 1358 1742 1758 1765 2444 2445
9 6 118 306 454 1616 1623 1792
9 4 140 444 2548 2549
9 4 75 284 2224 2225
9 5 340 623 2289 2463 2464
9 1 2526
9 5 74 94 1218 1224 2155
9 1 1032
9 4 33 442 698 2383
9 4 121 980 1158 1624
9 2 1441 1954
9 5 642 1017 1078 1423 2472
9 1 2669
9 3 415 1115 1474
9 2 663 2195
9 3 1016 1256 2176
9 6 41 175 496 644 992 1914
9 2 1104 1628
9 33 24 48 143 157 165 201 297 316 480 519 521 547 637 766 845 869 968 1003 1100 1107 1297 1299 1301 1473 1573 1636 1821 1823 1864 1870 1875 2138 2707
9 2 1093 1271
9 1 2394
9 1 2229
9 2 148 378
9 7 79 716 795 1248 1821 1873 2045
9 5 69 1351 1652 1914 2109
9 2 1107 2534
9 6 27 531 1666 2230 2360 2361
9 3 298 1213 1664
9 5 103 191 306 1623 2080
9 8 59 534 883 1041 1358 2446 2447 2448
9 7 109 114 234 826 2287 2288 2481
9 1 2690
9 1 2235
9 2 341 1358
9 3 888 1475 2470
9 2 59 2443
9 4 1358 1739 2365 2503
9 2 705 2034
9 2 288 938
9 2 65 239
9 3 469 923 2534
9 4 249 1332 1978 2018
9 4 886 1002 1951 1952
9 6 140 444 515 584 2289 2464
9 2 1042 1232
9 1 1024
9 4 372 1358 2556 2558
9 4 442 2122 2238 2335
9 4 1169 1725 1764 2546
9 3 174 534 883
9 1 973
9 2 567 2358
9 1 1430
9 3 0 1701 1866
9 2 300 2227
9 1 2058
9 1 2233
9 2 598 1641
9 7 271 783 808 893 924 1773 2387
9 1 900
9 6 395 765 894 1090 1598 2420
9 1 2704
9 2 591 2472
9 4 573 1167 1538 2407
9 6 41 596 711 728 1258 2177
9 12 891 950 1267 1358 1495 1824 1826 1895 1898 1899 1900 1901
9 1 119
9 5 468 541 904 1267 1360
9 1 1441
9 2 1171 1457
9 7 819 1250 1486 1557 1685 1756 2083
9 7 55 885 1667 1984 2023 2024 2156
9 2 1 470
9 1 1231
9 1 1
9 3 306 487 2080
9 3 306 350 2090
9 12 357 513 867 871 1229 1254 1729 1740 2440 2442 2522 2523
9 1 2147
9 3 77 354 1803
9 2 139 1623
9 16 97 344 807 830 935 1028 1045 1353 1878 1879 1880 1881 1882 1883 1884 1885
9 1 932
9 2 594 2195
9 1 1701
9 5 332 397 576 2120 2122
9 4 279 518 1850 1973
9 3 456 2364 2472
9 1 436
9 3 729 1086 1124
9 2 267 2606
9 4 441 451 973 2025
9 2 376 2456
9 2 1907 1986
9 1 1907
9 2 94 2356
9 3 410 1955 2235
9 1 954
9 2 377 733
9 1 1395
9 1 2199
9 4 1171 1445 1446 1986
9 2 973 1224
9 2 834 2169
9 2 1282 1358
9 1 554
9 2 1358 2366
9 15 173 290 480 565 1033 1171 1358 1546 1586 1610 1710 1721 1725 2359 2372
9 2 492 1257
9 5 1169 1292 1317 1358 1721
9 1 311
9 2 2034 2130
9 1 2629
9 5 95 334 763 1851 2108
9 2 1478 2516
9 9 407 948 1012 1336 1681 1682 1790 1998 2319
9 4 88 277 571 1570
9 2 30 1080
9 5 33 286 442 588 1015
9 3 1701 2045 2327
9 1 1691
9 4 129 735 739 2062
9 9 777 779 822 993 1368 1637 2069 2070 2101
9 3 801 1961 2497
9 8 389 562 969 1412 1483 1743 2113 2450
9 2 429 617
9 5 805 963 1240 2238 2645
9 1 763
9 4 836 1358 2212 2216
9 2 1896 1903
9 4 51 1392 2212 2213
9 9 252 414 496 539 644 1285 2111 2112 2113
9 3 850 1464 2480
9 1 1044
9 3 48 148 1385
9 1 2291
9 4 603 1810 1821 2409
9 1 1907
9 5 437 438 1416 2059 2261
9 5 302 303 306 1623 1810
9 3 371 392 1441
9 1 1034
9 5 1273 1567 1874 2500 2501
9 2 9 2614
9 3 1344 2394 2395
9 5 440 1104 1137 1652 2071
9 3 177 1533 2671
9 2 1386 2570
9 5 644 1070 1296 2388 2553
9 5 669 1159 1221 1701 2534
9 1 398
9 4 901 1279 2199 2203
9 5 263 296 364 1756 2685
9 29 45 94 218 377 383 401 435 678 759 794 862 1062 1160 1192 1265 1294 1329 1682 1817 1818 2008 2011 2035 2268 2291 2301 2302 2303 2304
9 12 95 408 736 751 964 1006 1388 1841 2056 2197 2202 2277
9 9 701 739 1237 1543 1881 1958 2060 2061 2062
9 10 95 734 751 964 1006 1388 1631 1841 2197 2202
9 7 88 415 1269 1630 1974 2136 2178
9 5 30 405 1080 1927 2162
9 7 393 701 735 1237 1543 1881 1958
9 3 141 1002 2033
9 5 831 1011 1088 1282 2093
9 3 1483 1620 1743
9 6 88 160 745 1239 1570 1986
9 4 223 580 1154 1358
9 8 160 366 553 743 1127 1986 1995 2009
9 3 281 1303 2006
9 4 113 282 540 1538
9 11 274 1103 1145 1169 1358 1374 1550 1568 1617 1732 2553
9 3 274 1333 2155
9 1 1441
9 5 734 736 1204 2198 2202
9 3 957 2083 2451
9 2 1269 1880
9 3 1358 1483 2450
9 3 1277 1898 2071
9 11 172 240 256 433 512 885 1469 1472 1692 2186 2187
9 3 1284 1358 2421
9 4 111 1358 1762 2492
9 2 733 1703
9 6 567 985 1426 1513 2459 2460
9 2 1401 1443
9 2 859 2448
9 3 693 707 1635
9 4 796 1358 1606 1612
9 3 640 1147 2367
9 5 316 598 845 1297 1868
9 4 54 873 1701 2314
9 3 1566 1723 1724
9 1 1927
9 2 1894 2117
9 4 55 65 1080 1156
9 1 908
9 2 1072 1505
9 1 560
9 3 171 180 2075
9 3 402 1413 1542
9 1 702
9 5 779 1224 1370 1914 1919
9 8 702 778 1224 1370 1592 1914 1919 1973
9 1 2341
9 2 218 2402
9 1 245
9 5 638 893 1061 1143 2376
9 2 960 1701
9 1 1664
9 1 947
9 3 55 325 438
9 5 1031 1952 2033 2041 2205
9 2 1240 1703
9 5 171 180 482 1548 1810
9 3 180 2034 2130
9 5 218 1488 1558 1986 2555
9 4 1896 1902 1903 2592
9 5 429 733 863 1160 1590
9 3 603 1645 1810
9 4 764 1103 1317 1358
9 5 73 800 1358 1833 2359
9 4 1381 1793 1794 1795
9 1 961
9 4 797 820 889 1834
9 4 703 1470 1961 2516
9 2 121 1307
9 2 528 2100
9 1 1307
9 4 275 706 963 2236
9 2 403 1383
9 4 661 1226 1955 1956
9 4 638 924 1785 2383
9 5 266 548 1115 2228 2229
9 1 1068
9 2 855 900
9 5 251 507 1300 1413 1542
9 2 339 2376
9 4 893 1158 2382 2383
9 6 55 88 1174 1344 2017 2018
9 7 120 436 483 1842 1980 2282 2405
9 8 90 155 156 220 221 1736 1763 2456
9 2 415 1999
9 5 154 364 650 1358 1606
9 2 800 889
9 1 222
9 2 702 1973
9 5 481 1169 1358 1765 2221
9 1 1831
9 1 1765
9 4 490 610 2287 2528
9 4 324 1039 1921 1999
9 3 444 1795 2464
9 1 1816
9 3 661 1914 2100
9 7 136 741 1011 1358 1638 1733 2093
9 1 2600
9 9 178 207 345 1130 1641 1678 2036 2495 2595
9 4 131 683 876 2168
9 4 1121 1134 1654 1810
9 8 519 708 1013 1131 1343 1572 2078 2403
9 3 1422 2248 2670
9 6 242 270 279 868 1131 2280
9 3 485 965 2277
9 2 1903 2481
9 2 88 2034
9 4 87 118 161 2016
9 4 505 548 2339 2542
9 3 264 472 1902
9 3 316 598 766
9 3 273 374 2146
9 2 2189 2422
9 3 228 985 1373
9 4 394 577 1993 2351
9 3 712 1464 2278
9 4 88 415 1309 2018
9 1 1800
9 3 1169 1358 1762
9 7 203 344 470 857 935 1097 1884
9 2 811 2493
9 2 1390 2248
9 5 203 470 854 1097 1246
9 2 2182 2502
9 5 487 762 1030 1199 2096
9 3 1427 1527 1758
9 4 95 1397 2068 2330
9 2 38 733
9 5 38 429 794 1160 1590
9 3 104 1065 2210
9 1 2653
9 2 40 1049
9 9 657 871 1229 1252 2439 2440 2442 2522 2523
9 8 838 988 1195 1341 1526 1844 2099 2276
9 5 232 598 1440 1701 1864
9 3 577 1119 2126
9 5 657 867 1229 2530 2652
9 3 1340 1413 1542
9 6 261 767 1358 1479 1708 2313
9 1 1701
9 5 310 914 1942 1945 1950
9 6 73 558 834 1358 2168 2584
9 6 1176 1177 1300 1413 1542 1935
9 3 436 885 2326
9 2 397 1558
9 2 973 1013
9 2 1155 1199
9 1 1358
9 4 227 609 629 933
9 2 89 152
9 7 436 651 756 878 1039 2024 2386
9 2 622 1400
9 5 239 306 910 1623 1624
9 3 614 1475 1556
9 5 800 820 1830 1831 1832
9 2 1269 1314
9 3 645 1674 2608
9 2 310 1950
9 6 638 783 814 911 1051 2383
9 3 640 1845 2367
9 5 35 440 1187 1296 1913
9 1 465
9 8 146 1152 1156 1410 1494 1907 1983 2295
9 4 92 1835 1836 2160
9 4 297 1055 1858 1986
9 2 639 811
9 6 731 1042 1279 2073 2186 2199
9 3 1284 1358 1604
9 3 446 2030 2031
9 7 132 379 541 647 1312 1360 1959
9 4 389 1282 1483 1620
9 3 577 2351 2353
9 2 1351 1916
9 2 772 1013
9 1 445
9 6 139 239 306 887 1623 2085
9 5 33 893 1051 1534 2376
9 1 2130
9 1 220
9 2 150 875
9 4 1035 1740 2415 2597
9 1 1026
9 1 2639
9 3 1098 1542 2065
9 1 1358
9 2 316 1893
9 3 1914 2134 2293
9 2 1307 1406
9 1 620
9 3 638 808 2383
9 1 1222
9 1 1862
9 3 17 1316 2140
9 3 327 1326 2063
9 2 1358 2627
9 3 380 477 2569
9 1 1433
9 1 662
9 3 534 883 1038
9 2 94 2356
9 5 451 661 854 973 1873
9 5 246 1067 2515 2530 2641
9 3 1180 1304 2096
9 3 618 2027 2230
9 1 2173
9 1 1829
9 1 2517
9 2 1924 1952
9 1 1196
9 1 2138
9 4 1072 1512 1911 2388
9 2 1966 2623
9 1 786
9 4 695 1395 1681 1682
9 1 523
9 3 93 437 645
9 2 328 1358
9 2 517 2546
9 3 2565 2566 2567
9 2 677 1112
9 3 175 1482 1914
9 2 492 2677
9 8 752 1154 1358 1557 1685 1757 2083 2167
9 3 306 1072 1798
9 1 2529
9 3 784 1776 2650
9 4 799 1728 2555 2599
9 7 1062 1665 1806 1807 1808 1809 1810
9 19 29 43 203 258 375 706 805 1094 1141 1157 1417 1443 1703 1785 2240 2399 2400 2401 2434
9 6 257 734 736 965 1388 2198
9 4 839 964 1693 2197
9 1 415
9 1 2659
9 3 598 1603 1986
9 5 704 1483 1735 1743 2450
9 5 16 364 466 1358 2365
9 2 107 1650
9 4 1000 2247 2579 2580
9 17 115 176 252 277 306 454 630 671 682 880 935 1072 1142 1583 2016 2019 2153
9 1 1496
9 1 2097
9 2 998 1431
9 1 1281
9 2 998 1358
9 6 524 1303 1503 1839 1957 2207
9 4 121 589 1367 1623
9 2 1159 1221
9 5 1091 1256 1458 2175 2176
9 1 2130
9 3 543 1068 2265
9 5 760 848 1073 1149 1358
9 1 2697
9 1 1175
9 1 868
9 4 1507 1645 2285 2436
9 3 310 1054 1542
9 1 307
9 2 496 596
9 2 702 2155
9 4 579 1219 1329 2309
9 3 1309 1912 2385
9 6 368 428 1135 1257 2248 2518
9 3 182 183 1837
9 6 976 978 1103 1284 1431 2365
9 2 346 1358
9 4 281 972 1325 2543
9 2 12 2662
9 6 141 622 740 1952 2033 2034
9 5 363 598 1373 1687 2607
9 2 1489 1810
9 1 1541
9 3 734 736 1302
9 4 526 1154 1742 2466
9 4 1416 1922 2059 2575
9 2 306 2096
9 2 443 1966
9 2 741 831
9 5 695 1336 1681 1682 1797
9 34 69 181 334 471 506 510 530 836 880 908 1120 1293 1403 1464 1521 1583 1625 1644 1661 1675 1729 1840 1841 1842 1843 1844 1845 1846 1847 1848 1849 1850 1851 2045
9 1 1558
9 13 698 1068 1143 1385 1425 1452 1481 1519 1618 1788 1789 2262 2263
9 5 4 561 595 1256 2176
9 3 591 1475 2472
9 1 2378
9 1 1457
9 5 180 218 2075 2077 2667
9 1 2309
9 8 132 379 541 1168 1276 1961 1962 1963
9 3 1701 1986 2568
9 1 625
9 2 373 1042
9 4 916 1303 2034 2531
9 1 2394
9 1 661
9 2 118 2166
9 1 859
9 3 48 788 1952
9 1 587
9 3 173 687 2168
9 1 721
9 7 73 915 1433 1486 1740 1801 1833
9 1 2562
9 3 403 2447 2654
9 4 565 933 1358 2503
9 3 436 827 885
9 4 1169 1317 1358 1765
9 6 609 1243 1358 1466 2390 2448
9 23 6 74 373 485 624 901 1025 1047 1118 1125 1198 1481 1517 1628 1925 1926 2051 2052 2054 2055 2073 2198 2333
9 2 21 2309
9 1 713
9 5 109 306 661 1571 1773
9 5 91 1510 2336 2387 2587
9 3 1042 1588 2333
9 1 462
9 4 866 1432 1894 2610
9 10 194 1081 1230 1320 1342 1380 1569 1634 2563 2564
9 6 33 442 893 911 2122 2383
9 1 1701
9 2 229 1405
9 6 990 1099 1432 1577 1605 1950
9 2 899 1577
9 2 167 2482
9 1 2409
9 1 1195
9 1 1600
9 1 1441
9 3 783 1196 2376
9 4 733 962 1192 1810
9 3 394 577 1518
9 3 394 2351 2352
9 7 85 104 401 864 1096 1699 2211
9 1 1574
9 7 59 170 936 1216 1830 2307 2448
9 3 810 984 1015
9 1 239
9 7 728 1072 1167 1358 1470 1725 1829
9 4 1135 1257 2248 2671
9 30 20 189 236 244 306 342 417 773 945 958 973 1070 1262 1358 1478 1483 1505 1725 1733 1740 1784 1797 1798 1799 1800 1801 1802 1803 1804 1805
9 3 316 985 2163
9 3 1501 1675 1676
9 2 1124 1701
9 1 116
9 4 389 1483 2113 2450
9 1 591
9 4 55 210 1218 1914
9 7 61 149 697 738 771 2162 2344
9 2 1050 2563
9 2 1534 2386
9 4 321 1232 1450 2114
9 1 1213
9 4 1421 2109 2110 2394
9 4 669 1124 2247 2579
9 2 89 2434
9 2 741 1089
9 4 399 1088 1552 2086
9 7 15 640 1093 1147 1271 1598 2367
9 3 982 1256 2176
9 3 1106 1171 2501
9 6 15 599 1090 1271 1598 2367
9 6 89 258 963 1369 1443 1653
9 6 230 298 1325 1810 1986 2613
9 5 397 401 411 1065 1633
9 5 470 854 857 1115 1869
9 4 918 1477 2066 2067
9 3 1054 1577 1607
9 2 598 1701
9 5 374 509 1242 2146 2148
9 5 515 1207 2290 2464 2465
9 17 53 72 263 748 796 998 1123 1284 1358 1480 1520 1718 1748 1760 1886 1887 1888
9 3 597 725 2264
9 1 578
9 3 1092 1874 2501
9 5 598 605 1810 2243 2379
9 1 390
9 4 1533 2671 2674 2675
9 4 1120 1224 2025 2295
9 5 1119 1273 2125 2126 2129
9 1 954
9 2 107 1650
9 2 1717 2560
9 7 203 470 593 809 1097 1529 2276
9 2 568 1223
9 4 80 434 1628 2499
9 4 74 1042 1416 2155
9 13 870 1111 1235 1273 1462 1663 1697 2124 2125 2126 2127 2128 2129
9 5 1013 1110 1583 2025 2194
9 6 835 1131 1410 1655 1810 2136
9 1 458
9 2 1103 1358
9 3 669 1075 1086
9 2 1042 2332
9 1 1823
9 4 553 745 1583 1986
9 3 1441 1954 2275
9 5 577 1518 2351 2352 2353
9 2 833 2495
9 21 242 436 490 510 836 838 1121 1133 1215 1224 1500 1538 1655 1909 1930 2155 2185 2280 2281 2282 2283
9 1 311
9 4 1131 1500 1538 2185
9 3 579 835 2296
9 7 996 1071 1257 2248 2518 2671 2678
9 4 73 1189 2359 2554
9 1 725
9 3 82 2248 2250
9 4 52 1628 2054 2182
9 1 476
9 2 963 2294
9 2 973 2326
9 6 783 1015 1618 2155 2262 2376
9 2 1245 1623
9 3 748 1169 1358
9 4 36 1505 1506 2254
9 7 395 765 1090 1598 1865 2367 2371
9 4 1317 1747 2220 2221
9 4 985 1358 1894 1986
9 1 1243
9 2 2570 2700
9 4 897 1927 2155 2416
9 2 258 1401
9 11 223 357 744 957 1007 1358 1714 1715 1742 2514 2515
9 2 881 1229
9 4 55 65 771 897
9 4 89 963 2240 2463
9 9 121 302 306 589 814 1635 2251 2252 2382
9 3 729 981 2534
9 6 38 401 733 794 863 2268
9 1 110
9 2 245 1510
9 2 1402 2132
9 1 1287
9 3 145 537 1593
9 2 1986 2582
9 2 643 1070
9 2 1022 1955
9 23 111 188 301 439 524 552 628 689 748 823 853 1040 1145 1358 1714 1719 1720 1731 1734 1737 2220 2476 2492
9 2 404 1476
9 10 510 649 681 687 1092 1295 1355 1855 1909 2359
9 2 304 467
9 3 202 353 1250
9 6 88 162 415 815 1912 2394
9 2 987 2359
9 5 295 507 877 1542 1935
9 4 295 877 1542 1935
9 4 1529 1908 1984 2350
9 2 410 1955
9 3 505 937 1304
9 1 474
9 4 472 559 1183 1579
9 6 472 1182 1354 1579 1824 1825
9 2 1190 2100
9 7 278 1460 1992 2349 2358 2589 2590
9 2 2535 2574
9 2 895 1188
9 1 1187
9 5 73 558 1136 1358 2359
9 3 37 1184 1387
9 3 1558 2241 2339
9 3 733 1062 1621
9 2 306 1705
9 3 368 1366 2670
9 4 270 279 868 1058
9 5 943 1061 1367 1624 2300
9 2 1791 1998
9 1 1042
9 6 859 881 1214 1566 1599 1716
9 3 1502 2207 2414
9 3 457 2214 2533
9 5 1428 1510 2336 2376 2524
9 7 382 424 461 1215 1410 1842 2155
9 5 751 1330 1602 1838 1839
9 3 319 1358 1761
9 2 1257 2671
9 3 1102 2290 2464
9 1 187
9 3 64 1358 1737
9 1 1648
9 2 254 507
9 1 1701
9 3 607 1084 1290
9 6 73 337 1199 1499 1716 1745
9 4 270 1131 1203 1894
9 4 526 1067 2446 2503
9 2 230 396
9 4 586 1079 1927 2116
9 3 45 78 994
9 1 239
9 5 729 981 1577 1607 1949
9 2 925 1224
9 2 568 1116
9 26 586 682 778 779 1110 1131 1222 1291 1341 1370 1525 1526 1583 1587 1660 1732 1848 1851 1919 1975 2151 2152 2153 2154 2155 2156
9 2 1450 2579
9 4 807 1955 1956 2528
9 1 1269
9 3 186 1536 2580
9 15 657 867 871 1155 1254 1308 1358 1384 1506 1627 1749 2439 2440 2441 2442
9 2 1050 1342
9 1 653
9 2 624 1083
9 1 2433
9 4 22 1702 1703 1966
9 4 1119 1462 2126 2577
9 1 2479
9 3 735 739 1958
9 2 154 1358
9 3 743 2027 2611
9 6 258 706 789 1443 1702 2237
9 3 310 1701 1950
9 3 1101 2146 2148
9 3 1041 1150 1358
9 1 493
9 5 306 542 1144 1770 2080
9 1 857
9 1 1679
9 3 603 1651 2045
9 3 1483 2556 2558
9 5 202 328 650 1173 2507
9 5 102 306 505 1448 1623
9 2 867 2656
9 2 302 308
9 3 657 1229 1308
9 2 198 2248
9 8 4 595 982 1016 1091 1761 2175 2176
9 16 428 492 688 996 1071 1135 1206 2248 2249 2518 2538 2671 2673 2677 2678 2679
9 3 452 505 644
9 2 356 2342
9 2 1559 2250
9 1 2130
9 6 110 189 564 567 1072 1509
9 1 1407
9 3 248 443 1531
9 3 377 733 2291
9 3 255 1529 1984
9 3 645 647 1824
9 3 162 1929 2309
9 8 737 753 890 1227 1314 1630 1880 2227
9 2 1622 2034
9 5 15 599 1090 1093 2367
9 4 310 1945 1947 1950
9 8 722 1111 1119 2034 2124 2125 2126 2129
9 1 239
9 2 405 1468
9 3 458 1022 1962
9 1 755
9 3 2268 2305 2306
9 4 731 901 2186 2203
9 2 449 2612
9 4 977 1358 1746 1748
9 8 684 741 905 1283 1483 1735 1776 2324
9 3 1282 1776 2324
9 7 757 902 998 1103 1358 1604 2450
9 2 711 2182
9 1 538
9 4 59 481 1164 1358
9 2 88 1309
9 2 1622 1705
9 3 212 1213 2258
9 3 1224 1660 2154
9 3 689 1317 1358
9 3 65 1013 2418
9 2 352 733
9 2 1171 1987
9 8 35 440 728 895 1910 1911 1912 1913
9 3 316 598 766
9 1 2703
9 3 598 1701 1810
9 9 251 507 812 877 1542 1933 1940 1941 2508
9 6 25 598 1315 1316 1542 2140
9 1 1006
9 5 95 746 979 1026 2163
9 3 505 937 1180
9 2 466 1358
9 2 364 1317
9 5 802 804 922 1444 2536
9 3 1229 1254 1627
9 16 61 88 415 490 851 995 1288 1338 1625 1677 1741 1882 2015 2102 2103 2178
9 1 2692
9 4 468 1312 1313 2080
9 3 904 1311 1313
9 5 468 573 1311 1312 2407
9 3 514 890 1269
9 2 17 1301
9 4 17 927 1301 1679
9 11 689 796 1040 1148 1292 1306 1719 1720 1739 2220 2221
9 3 12 2661 2662
9 2 186 2034
9 4 1050 1349 1491 2684
9 1 2501
9 2 63 2265
9 1 1701
9 2 2035 2265
9 6 298 327 1000 1095 2063 2247
9 2 928 2063
9 3 495 1328 2161
9 3 495 1327 2160
9 3 78 733 994
9 3 1204 1837 2068
9 3 310 1576 1810
9 3 436 621 2024
9 4 749 1973 2195 2312
9 5 1542 1577 1701 1941 1950
9 3 1856 2087 2090
9 8 86 695 1012 1452 1797 2032 2033 2034
9 4 109 563 1701 2045
9 3 1309 1912 2385
9 3 154 1358 1753
9 4 872 1413 1542 1943
9 3 868 1224 2425
9 2 1050 1230
9 7 118 255 836 1507 1645 2165 2316
9 5 25 724 815 1928 2315
9 2 202 353
9 4 109 306 519 1670
9 2 281 1997
9 4 218 1810 2163 2605
9 4 39 1320 1634 2684
9 1 1443
9 10 69 262 604 907 1362 1535 1592 1972 2134 2282
9 1 506
9 2 97 661
9 4 371 400 1183 2270
9 2 1171 1957
9 1 1613
9 2 2025 2170
9 168 30 34 53 59 68 72 73 90 101 111 154 155 156 170 173 174 228 244 246 289 326 333 337 341 346 357 364 466 489 501 524 552 580 609 613 616 626 645 684 686 687 689 708 744 748 754 757 758 764 796 797 819 823 831 853 873 876 882 902 919 929 951 957 970 978 985 999 1038 1040 1041 1070 1072 1103 1123 1145 1149 1154 1169 1189 1205 1209 1229 1238 1243 1281 1284 1287 1292 1305 1339 1384 1389 1444 1471 1480 1483 1492 1499 1516 1546 1550 1562 1565 1568 1599 1604 1620 1646 1708 1709 1710 1711 1712 1713 1714 1715 1716 1717 1718 1719 1720 1721 1722 1723 1724 1725 1726 1727 1728 1729 1730 1731 1732 1733 1734 1735 1736 1737 1738 1739 1740 1741 1742 1743 1744 1745 1746 1747 1748 1749 1750 1751 1752 1753 1754 1755 1756 1757 1758 1759 1760 1761 1762 1763 1764 1765 1766 2597
9 5 181 1464 1914 2278 2480
9 8 541 647 904 1650 1902 1904 1960 2491
9 2 565 1528
9 3 1351 1372 1914
9 2 507 1413
9 1 40
9 4 1702 1703 2509 2519
9 3 368 1194 2248
9 10 124 306 484 980 1196 1584 1656 1778 2080 2143
9 3 702 1911 2553
9 3 1094 1530 1653
9 8 778 779 1224 1525 1919 1975 2274 2485
9 1 1393
9 2 42 1362
9 3 518 848 1003
9 1 748
9 1 2586
9 3 239 1848 2232
9 5 1840 2068 2069 2070 2388
9 3 1544 2058 2150
9 2 1380 2564
9 3 1050 1379 2564
9 2 798 1794
9 5 218 281 1502 2176 2283
9 2 403 806
9 2 1229 1358
9 3 714 1015 2335
9 3 727 2570 2571
9 1 1190
9 6 257 734 736 964 2181 2197
9 3 341 1358 2597
9 2 856 2681
9 1 1693
9 3 51 710 2212
9 1 1371
9 3 88 211 2137
9 6 679 948 2072 2189 2266 2267
9 6 1399 1421 2109 2228 2394 2395
9 1 861
9 2 565 1528
9 5 1396 1501 2227 2309 2394
9 2 886 2698
9 5 89 258 761 1153 1585
9 5 1163 1482 1616 1919 1972
9 3 465 1013 2317
9 1 2375
9 4 229 1053 1508 1894
9 2 922 2387
9 1 1263
9 5 370 1553 1826 1828 1829
9 5 360 1553 1826 1827 1828
9 4 897 1121 1203 1655
9 1 2218
9 5 704 1483 1735 1743 2450
9 19 219 251 253 338 402 507 776 812 872 877 1340 1363 1542 1931 1932 1933 1934 1935 1936
9 4 370 371 1415 2270
9 5 370 371 392 1414 2269
9 18 6 30 61 74 149 305 572 718 1008 1118 1468 1602 1921 1922 1923 1924 1925 1926
9 7 529 963 1452 1529 1703 2260 2350
9 1 78
9 3 529 2259 2260
9 3 1421 2394 2396
9 7 1085 1396 1420 1975 2109 2110 2394
9 1 837
9 2 591 1692
9 2 1621 1813
9 2 1015 1618
9 3 480 760 1751
9 4 860 1725 1742 2446
9 7 1202 1429 1534 2336 2376 2520 2524
9 3 1428 1534 2520
9 2 632 1718
9 2 976 998
9 4 1049 1054 1950 2663
9 3 931 1035 2359
9 2 445 1986
9 3 1927 2059 2071
9 1 2259
9 1 1688
9 1 2664
9 2 200 2676
9 2 869 1701
9 23 50 241 265 371 454 540 590 648 720 750 1060 1128 1619 1700 1707 1954 1957 1958 2271 2272 2273 2274 2275
9 2 432 2462
9 8 761 963 1094 1240 1350 2240 2399 2645
9 4 154 1307 1358 2323
9 2 681 1446
9 2 681 1445
9 1 1928
9 5 102 505 1251 2034 2045
9 1 2681
9 3 321 1083 1225
9 2 194 2564
9 3 1015 1336 1417
9 2 1701 1986
9 1 2
9 2 441 1537
9 1 1457
9 3 649 1019 1456
9 1 982
9 2 2080 2218
9 3 1185 2349 2358
9 2 1634 2248
9 4 1119 1235 1611 1663
9 7 276 490 555 1695 2131 2132 2133
9 9 181 262 712 850 1013 1359 1482 1683 1914
9 2 1488 1799
9 1 1041
9 2 52 2172
9 3 146 1275 1416
9 7 756 1498 1692 2346 2349 2358 2590
9 6 801 1070 1555 1824 1953 2553
9 2 1358 1646
9 5 240 512 756 1692 2187
9 4 165 598 2706 2707
9 4 593 1908 2261 2335
9 5 614 888 1017 2469 2470
9 2 404 1170
9 4 1098 1542 2066 2067
9 3 694 1072 1902
9 4 261 873 1701 1894
9 2 1103 1358
9 5 1015 1042 1669 2332 2335
9 5 955 1402 1464 1973 2132
9 22 306 359 389 562 704 742 754 905 969 1072 1077 1249 1282 1358 1412 1620 1726 1735 1743 2083 2113 2208
9 4 299 2383 2498 2520
9 1 1914
9 3 650 1035 1745
9 4 1501 1849 2017 2137
9 4 411 792 1465 2601
9 1 1004
9 3 306 2085 2327
9 1 1320
9 2 1358 1765
9 1 429
9 3 88 436 897
9 3 93 437 645
9 1 974
9 2 549 2034
9 4 1469 2025 2349 2590
9 4 337 1214 1358 1776
9 4 1131 1133 1538 2185
9 7 116 1074 1399 1487 1676 2228 2395
9 4 1200 1382 1503 2163
9 4 979 1502 2241 2243
9 2 1647 2209
9 13 36 330 530 773 1072 1146 1552 1624 1699 1788 1801 2086 2107
9 2 1146 1229
9 6 118 446 989 1343 1645 2436
9 3 1405 1894 2117
9 2 189 1262
9 4 1046 1162 1202 2387
9 1 1519
9 4 342 945 2023 2145
9 3 567 760 1830
9 1 1692
9 2 2182 2234
9 2 1358 2612
9 2 74 1042
9 3 577 1063 1129
9 7 147 1015 1511 1534 2108 2335 2640
9 4 83 1103 1750 1765
9 2 98 1013
9 3 39 1697 2680
9 2 548 2449
9 3 434 1693 2499
9 4 1224 1370 1914 1973
9 7 868 1224 1879 1977 1981 2099 2425
9 8 60 88 331 415 860 1668 2274 2450
9 5 427 513 565 1361 1398
9 7 1115 1178 1266 1417 1908 1984 2350
9 5 43 89 1369 2240 2464
9 4 248 443 1264 1889
9 2 39 2648
9 4 492 726 1109 2671
9 5 911 1082 1428 1429 1519
9 6 95 280 1351 1916 2155 2293
9 4 186 1228 2580 2702
9 3 119 441 1455
9 8 118 643 747 1131 1133 1500 1842 2185
9 1 1914
9 3 525 1628 2054
9 1 1005
9 30 216 219 251 297 338 402 776 812 872 877 918 990 1176 1177 1300 1301 1334 1340 1413 1477 1577 1607 1931 1935 1936 1939 1940 1941 1942 1943
9 4 735 739 1881 2029
9 1 1378
9 2 368 2248
9 5 341 687 1358 1804 2169
9 1 2169
9 2 171 790
9 3 119 1901 2286
9 3 748 1358 2083
9 2 126 306
9 5 36 1089 1505 1778 2591
9 4 371 1408 1409 1827
9 4 1657 2686 2687 2688
9 4 458 1470 1953 2363
9 1 888
9 4 650 957 2083 2168
9 8 792 879 1014 1191 1986 2338 2339 2340
9 2 283 1260
9 3 18 505 1623
9 2 102 1623
9 2 1358 1765
9 1 2633
9 2 1772 1786
9 2 1358 2365
9 5 768 1199 1732 1895 2071
9 4 722 1654 1874 2500
9 4 154 748 1358 1729
9 3 450 1050 1966
9 3 571 696 743
9 1 1045
9 4 236 306 836 1776
9 2 598 2698
9 3 519 1066 1986
9 1 473
9 2 1331 1810
9 7 411 1054 1055 1099 1221 1334 1542
9 1 2497
9 5 47 559 1182 1183 2029
9 6 95 456 544 1892 2199 2200
9 3 310 1810 1819
9 1 44
9 10 366 376 553 973 1013 1120 1127 1224 1995 2025
9 3 306 1367 1798
9 3 89 1401 1653
9 3 173 687 2168
9 2 1224 2154
9 3 1047 2055 2333
9 3 101 1745 2596
9 2 794 863
9 1 2541
9 5 779 1351 1914 2071 2485
9 5 144 145 213 537 1165
9 1 31
9 1 2246
9 1 2476
9 2 320 432
9 5 640 1090 1093 1147 2367
9 6 110 1199 1358 2441 2460 2614
9 1 1059
9 1 1750
9 10 6 95 100 315 1204 1416 2054 2072 2073 2074
9 1 968
9 4 46 902 1284 1358
9 3 1054 1950 2663
9 3 364 764 819
9 3 1099 1221 1542
9 4 546 2124 2126 2489
9 3 1790 1791 1912
9 7 244 312 565 687 2556 2557 2558
9 2 1462 2124
9 1 764
9 1 1356
9 3 210 1671 2034
9 1 1665
9 9 56 118 412 447 539 581 1402 1849 2050
9 1 748
9 5 429 1015 1143 1425 1789
9 3 392 1441 2269
9 6 359 742 905 1358 1483 2450
9 2 1192 1424
9 4 124 1270 1289 2425
9 42 102 112 126 133 139 153 314 350 384 452 459 542 556 581 608 660 719 887 910 980 1144 1251 1560 1561 1767 1768 1769 1770 1771 1772 1773 1774 1775 1776 1777 1778 1779 1780 1781 1782 1783 1784
9 17 109 317 384 409 589 887 1196 1505 1705 1777 1778 1779 1780 1785 1786 1787 1788
9 3 1013 1309 1729
9 1 210
9 4 59 1229 1308 1740
9 17 65 95 142 525 597 1042 1117 1139 1540 1635 2021 2053 2054 2055 2056 2057 2172
9 3 5 1659 1711
9 3 737 1269 2227
9 2 736 2196
9 3 16 364 1756
9 1 1096
9 6 39 82 1050 1349 1461 2393
9 4 763 1158 1628 2383
9 5 24 598 1701 2139 2141
9 2 702 1973
9 1 831
9 3 177 1688 2679
9 3 36 306 350
9 3 637 833 2495
9 3 439 2657 2658
9 1 348
9 2 415 1013
9 4 795 989 1343 1507
9 2 1358 1471
9 4 108 1504 2160 2209
9 1 1210
9 1 94
9 4 107 971 1113 1360
9 3 306 1248 2045
9 5 498 604 725 1848 1972
9 5 43 89 1094 1369 1585
9 4 835 1567 1952 2034
9 12 11 149 1121 1131 1410 1839 1842 1894 2136 2282 2295 2384
9 3 306 1367 1798
9 3 1554 2686 2688
9 2 88 2018
9 2 5 1629
9 3 1224 1291 2154
9 4 109 454 1013 1851
9 4 48 1666 2381 2398
9 3 1119 1462 2577
9 4 455 607 785 2147
9 4 962 1615 1701 2034
9 6 2 48 49 606 1662 2381
9 3 162 438 651
9 2 355 1527
9 4 429 1481 1892 2332
9 5 133 303 308 519 1346
9 6 210 1614 1929 1968 2136 2137
9 1 186
9 1 2660
9 3 891 1914 2608
9 4 1013 1074 1676 1914
9 5 1074 1501 1675 1914 1975
9 5 88 191 415 1309 1908
9 2 833 1746
9 3 1247 1316 2140
9 2 2056 2576
9 9 407 409 459 695 948 1012 2318 2319 2320
9 10 407 695 733 948 1012 2189 2291 2319 2320 2321
9 4 181 1464 1973 2132
9 2 2486 2513
9 3 650 957 2083
9 1 2647
9 4 28 246 1003 1721
9 3 1437 1639 2671
9 2 155 156
9 2 118 2112
9 1 700
9 19 172 240 291 503 512 574 756 1423 1469 1472 1514 2186 2187 2302 2345 2346 2347 2348 2349
9 5 434 965 1391 1524 2408
9 1 333
9 3 276 1463 2133
9 1 1713
9 4 1119 1522 1986 2253
9 2 537 2160
9 3 484 1065 1505
9 1 1441
9 74 13 24 143 157 158 201 205 215 216 226 231 232 235 261 318 335 343 416 467 532 547 563 633 664 699 729 767 784 869 874 1023 1052 1075 1100 1212 1241 1299 1323 1334 1337 1440 1453 1479 1636 1665 1799 1820 1846 1852 1853 1854 1855 1856 1857 1858 1859 1860 1861 1862 1863 1864 1865 1866 1867 1868 1869 1870 1871 1872 1873 1874 1875 1876 1877
9 10 22 463 1234 1240 1365 1703 1966 1970 1971 2238
9 17 22 463 759 789 963 1234 1365 1417 1702 1906 1966 1967 1968 1969 1970 1971 2238
9 4 383 1912 1986 2077
9 7 306 487 1193 1289 1624 2081 2322
9 2 558 2585
9 1 1441
9 6 467 873 1358 1857 2313 2314
9 5 1358 1738 1739 1986 2365
9 5 372 480 687 1358 2444
9 5 1358 1629 1730 1731 1765
9 3 1358 1725 2446
9 4 88 1358 1696 1898
9 4 1154 1169 1358 1727
9 3 58 1154 1358
9 4 1199 1214 1358 2446
9 4 1114 1358 1731 2560
9 4 1103 1358 1430 2685
9 4 1169 1317 1358 1765
9 4 1169 1317 1358 1765
9 8 105 228 687 689 1358 1687 1761 2476
9 3 289 312 1358
9 5 73 565 768 1358 1724
9 5 768 1358 1723 2215 2216
9 16 59 557 628 687 1070 1072 1358 1427 1712 1734 1740 1745 2334 2413 2596 2597
9 3 1358 1483 2168
9 3 188 1358 1714
9 5 961 1358 2257 2555 2599
9 5 657 1013 1358 1568 1625
9 2 1358 1711
9 5 1169 1358 1711 1717 1755
9 5 88 748 1224 1358 1566
9 3 831 1072 1358
9 4 1169 1358 1725 2597
9 8 562 969 1282 1358 1412 1483 1776 2324
9 4 155 817 1358 1763
9 6 64 1169 1209 1358 1888 2616
9 5 466 1358 1709 2365 2366
9 9 53 616 1317 1358 1709 1750 1766 1886 2221
9 14 268 312 657 915 1035 1072 1358 1627 1725 1804 2389 2390 2391 2392
9 4 88 1309 1358 2593
9 15 174 403 526 533 580 1007 1154 1358 1427 1749 1758 2307 2443 2444 2445
9 9 389 704 742 969 1358 1412 1483 2113 2450
9 2 1358 1765
9 7 73 1214 1358 1486 1589 1725 2596
9 3 1281 1358 1678
9 2 1148 1358
9 3 1103 1281 1358
9 4 1229 1358 1742 2446
9 6 1358 1520 1601 1739 1765 1766
9 4 73 1358 1426 2596
9 3 154 1358 1754
9 3 154 1339 1358
9 4 154 326 1358 1752
9 3 1358 1731 1765
9 6 364 650 732 1358 1632 2642
9 3 957 1358 2451
9 6 464 580 860 1358 1742 2466
9 4 239 493 569 1358
9 2 1103 1358
9 7 4 223 1205 1256 1358 1721 2175
9 4 111 758 853 1358
9 5 155 156 817 1358 1736
9 2 628 1358
9 17 290 501 580 823 825 1040 1358 1492 1520 1562 1711 1719 1720 1744 1750 1755 2492
9 3 1358 1739 1750
9 2 1623 1783
9 3 1623 1837 2325
9 4 109 399 544 1623
9 4 306 1245 1623 2080
9 3 306 1623 1778
9 8 109 306 426 487 1564 1623 1782 2045
9 6 487 638 1045 1623 1780 1789
9 1 1623
9 5 103 306 350 484 1623
9 12 138 337 960 1282 1283 1499 1572 1623 1735 2045 2078 2324
9 5 133 426 1623 1624 2143
9 7 350 1367 1552 1623 1624 1771 2327
9 6 109 306 505 1623 1624 2318
9 4 139 1623 1624 1773
9 5 36 306 1623 1998 2107
9 8 306 350 426 487 1623 1772 1798 2326
9 2 1623 1767
9 5 133 1072 1623 2045 2096
9 5 109 317 808 963 1624
9 3 18 1564 1624
9 6 109 306 1624 1810 2045 2143
9 3 1015 1505 1624
9 5 109 426 1015 1618 1773
9 3 103 695 1609
9 4 191 1197 1609 2045
9 2 581 2485
9 1 798
9 4 798 1381 1795 1796
9 6 798 828 1794 1796 2299 2464
9 3 1794 1795 2297
9 5 306 1012 1072 1336 2088
9 8 306 329 487 958 1072 1584 1656 1782
9 4 306 1072 1465 1701
9 3 476 852 1072
9 5 1035 1072 1505 2203 2451
9 3 306 1072 2079
9 4 77 354 659 1072
9 5 306 1072 1546 1740 2451
9 5 109 306 426 556 1072
9 3 453 962 1809
9 5 180 429 482 962 2034
9 3 579 962 1810
9 3 962 1806 1810
9 44 13 27 224 230 351 481 482 511 549 568 576 716 719 790 795 835 962 1004 1062 1095 1107 1121 1299 1331 1348 1576 1581 1787 1808 1809 1811 1812 1813 1814 1815 1816 1817 1818 1819 1820 1821 1822 1823 1869
9 2 1810 1822
9 5 482 1810 1986 2034 2550
9 2 1424 1810
9 2 482 1810
9 3 310 1810 1950
9 2 829 1810
9 2 733 1810
9 4 733 1810 2305 2306
9 3 1581 1810 1948
9 3 1701 1810 1873
9 5 316 598 603 716 1810
9 2 1810 1811
9 3 598 1126 1810
9 8 360 448 645 1183 1267 1470 1825 1826
9 4 392 472 1183 1824
9 8 264 448 645 1408 1409 1824 1827 1829
9 4 1409 1553 1826 1828
9 4 238 1408 1409 1827
9 5 940 1070 1408 1826 1902
9 4 889 1067 1513 2045
9 2 824 889
9 1 889
9 3 797 1035 1834
9 5 372 449 800 1833 2359
9 3 898 2157 2160
9 2 92 898
9 4 183 997 1330 1768
9 4 95 1204 2182 2219
9 6 11 979 1204 1655 2424 2453
9 3 1013 1377 2071
9 5 408 734 736 1013 2056
9 10 120 816 1013 1203 1538 1655 1979 1980 2281 2405
9 2 415 1013
9 3 868 1013 2276
9 2 894 1013
9 5 1013 1701 1867 2117 2357
9 3 88 415 1013
9 7 325 1013 1224 1376 1652 1909 2419
9 7 56 412 447 1013 1487 1616 1914
9 4 32 415 666 1013
9 6 118 693 1013 1224 1661 2485
9 2 1701 2045
9 1 1701
9 1 1701
9 2 1171 1701
9 5 306 1335 1701 2045 2096
9 3 304 1701 1708
9 2 899 1701
9 2 1701 1986
9 1 1701
9 1 1701
9 4 0 926 1701 2582
9 2 532 1701
9 4 232 598 869 1701
9 3 311 1147 1701
9 2 633 1701
9 3 1701 1846 2117
9 4 231 316 766 1701
9 10 199 203 205 277 420 465 1097 1701 1810 2309
9 4 157 598 1701 1986
9 4 102 228 417 1701
9 1 1701
9 5 603 935 1701 1820 1986
9 6 722 1106 1567 1701 2500 2501
9 3 598 1701 1986
9 2 1701 1986
9 2 1701 2573
9 3 102 661 2256
9 4 490 578 661 1526
9 4 479 661 753 1269
9 5 661 735 739 1543 1958
9 5 88 514 516 661 1309
9 1 661
9 6 113 249 661 854 1885 1958
9 3 661 1884 2644
9 2 1103 1739
9 2 1103 1888
9 3 1103 1737 1887
9 9 429 1531 1890 1891 1892 1893 2034 2039 2130
9 2 1889 2130
9 3 1889 2034 2130
9 3 1580 1669 1889
9 2 920 1889
9 14 229 261 536 770 1049 1149 1215 1405 1479 1508 1655 2034 2117 2118
9 2 645 1566
9 4 541 709 793 1897
9 2 1896 1903
9 4 379 645 755 1713
9 5 388 645 1902 2491 2510
9 2 645 2608
9 6 119 645 1549 1954 2284 2286
9 10 264 448 793 844 1360 1478 1829 1899 1903 1904
9 8 709 793 840 1897 1902 1960 2269 2592
9 3 1360 1902 1960
9 2 210 1914
9 5 210 1703 1907 1964 2059
9 8 146 210 566 673 674 717 897 1906
9 7 88 211 415 1178 1474 1529 1677
9 6 211 239 1131 1171 1848 2305
9 2 121 1296
9 4 945 1296 1368 2553
9 10 435 995 1174 1296 1338 1609 1704 2102 2103 2404
9 4 35 440 895 1296
9 31 41 69 175 506 596 604 778 779 830 921 955 1079 1359 1362 1464 1485 1525 1539 1592 1674 1675 1676 1849 1905 1915 1916 1917 1918 1919 1920 2388
9 2 1914 2649
9 3 907 1535 1914
9 3 454 1914 2457
9 2 506 1914
9 6 778 779 1224 1370 1402 1914
9 6 69 1914 1926 2310 2422 2653
9 3 315 827 1416
9 2 1008 1416
9 2 1416 1927
9 3 942 1416 1927
9 3 1042 1416 2620
9 7 69 1042 1416 1920 2051 2052 2189
9 13 146 305 405 738 769 1152 1218 1435 1923 1924 1928 1929 1930
9 5 1344 1447 1927 2317 2475
9 4 1268 1671 1927 2034
9 2 1131 1927
9 3 507 1413 1542
9 3 402 1413 1936
9 4 251 507 1300 1413
9 2 338 1413
9 5 877 1176 1177 1413 1542
9 5 402 507 1413 1542 1932
9 2 548 1938
9 1 1937
9 2 19 1542
9 4 402 507 1300 1542
9 5 507 1300 1334 1542 2508
9 3 150 875 1542
9 2 1340 1542
9 6 310 336 352 1945 1946 1950
9 6 310 875 1272 1944 1946 1947
9 4 310 1944 1945 1950
9 4 310 1272 1945 1950
9 3 310 1819 1950
9 2 310 1221
9 15 310 336 875 892 1054 1241 1272 1334 1432 1605 1815 1944 1946 1947 1948
9 4 622 1952 2204 2206
9 10 622 788 942 1002 1031 1654 1951 2204 2205 2206
9 3 458 1470 1555
9 9 590 1128 1441 1901 1955 1956 1957 1958 2275
9 8 676 807 1168 1179 1226 1954 1956 2235
9 4 807 1226 1954 1955
9 6 979 1355 1441 1954 2241 2630
9 7 735 739 1237 1441 1881 1884 1954
9 5 119 132 379 904 2621
9 4 1360 1903 1904 2491
9 3 703 801 1022
9 3 1022 1276 1963
9 2 1022 1962
9 5 248 463 1906 1965 1966
9 2 39 1964
9 12 94 362 443 463 946 1010 1234 1569 1702 1703 1964 1971
9 2 275 1703
9 3 1671 1703 2034
9 3 1703 2236 2238
9 3 271 1702 1703
9 3 1702 1703 1966
9 3 1351 1402 1652
9 15 32 252 490 504 666 779 822 1333 1482 1525 1637 1683 1974 1975 1976
9 3 578 737 1973
9 7 1224 1370 1421 1676 1973 2109 2110
9 3 147 502 1973
9 2 436 1526
9 5 249 436 478 514 621
9 5 436 1842 1980 2178 2405
9 5 436 816 1842 1979 2405
9 3 436 490 1526
9 2 130 436
9 4 55 438 897 2034
9 5 438 651 1178 1266 1529
9 2 437 438
9 65 2 45 68 71 151 160 179 201 215 232 335 366 391 460 476 519 566 673 681 743 745 792 899 968 1023 1095 1127 1149 1166 1434 1453 1558 1574 1697 1704 1709 1812 1859 1870 1873 1875 1876 1987 1988 1989 1990 1991 1992 1993 1994 1995 1996 1997 1998 1999 2000 2001 2002 2003 2004 2005 2006 2007 2008 2009
9 4 1295 1986 2004 2509
9 2 396 1986
9 2 460 1986
9 1 1986
9 2 1986 2325
9 2 1185 1986
9 2 849 1986
9 2 169 1986
9 4 553 745 1583 1986
9 5 8 327 1986 2063 2064
9 3 1347 1986 2412
9 8 109 191 519 695 1197 1781 1986 2326
9 4 285 818 827 1986
9 4 160 267 314 1986
9 16 91 429 503 574 1986 2002 2003 2044 2121 2123 2335 2348 2378 2379 2380 2381
9 3 1986 2001 2379
9 5 185 332 1986 2001 2123
9 4 180 316 1986 1987
9 1 1986
9 3 746 1986 2477
9 1 1986
9 3 733 1986 2301
9 5 160 553 745 1986 2025
9 4 88 118 161 2016
9 3 25 88 733
9 2 88 272
9 2 88 471
9 2 88 415
9 3 88 1309 2071
9 5 88 842 973 2010 2071
9 5 88 130 815 1487 2467
9 7 76 356 621 815 851 1658 2019
9 2 973 2018
9 2 55 323
9 5 55 65 239 1628 2418
9 3 323 454 2190
9 3 651 1512 2217
9 6 478 651 885 1332 2156 2178
9 12 149 572 671 1110 1120 1357 1498 1583 2009 2026 2027 2028
9 4 487 2025 2045 2096
9 4 938 1239 2025 2360
9 1 2025
9 3 472 1543 1579
9 3 118 903 2112
9 2 903 2436
9 1 1336
9 4 740 788 1002 1336
9 40 14 49 86 141 158 224 382 417 617 691 791 841 1002 1026 1270 1273 1319 1336 1448 1497 1614 1654 1665 1807 1812 1889 1891 1894 1929 1968 1983 2035 2036 2037 2038 2039 2040 2041 2042 2130
9 3 733 1324 2034
9 2 833 2034
9 2 180 2034
9 2 293 2034
9 3 1889 2034 2042
9 4 33 2034 2120 2122
9 4 48 429 788 2034
9 2 2034 2039
9 2 429 2406
9 2 429 2001
9 32 109 126 133 139 153 215 236 306 308 318 341 519 563 603 699 1013 1248 1337 1448 1651 1772 1776 1784 1787 1791 1830 1852 1856 2026 2046 2047 2048
9 5 236 306 484 2045 2048
9 2 294 2045
9 3 306 2045 2046
9 2 80 142
9 2 1616 2485
9 3 1042 1926 2364
9 4 74 544 1042 1926
9 2 52 1628
9 9 95 456 525 1042 1139 1540 1602 1628 2133
9 4 1042 1588 1628 2198
9 8 100 408 734 1628 1680 1841 2311 2576
9 2 525 1628
9 3 635 1378 2150
9 6 146 405 718 1008 1435 1906
9 1 735
9 1 735
9 2 701 735
9 5 327 928 1325 1326 1996
9 2 327 1996
9 3 918 2066 2067
9 4 1098 1477 2065 2122
9 3 1098 1477 2065
9 3 861 1330 1377
9 3 702 1377 2070
9 3 702 1377 2069
9 8 725 755 1435 1566 1592 1840 2015 2016
9 3 1395 1602 2182
9 3 901 1042 1602
9 4 95 1602 2181 2277
9 8 14 775 1020 2076 2077 2091 2667 2668
9 5 180 218 2075 2077 2667
9 6 14 486 1020 1704 2075 2076
9 4 236 306 836 1776
9 3 126 236 1802
9 10 112 306 487 608 655 1245 1311 1367 1459 1770
9 2 484 1705
9 2 18 133
9 10 367 505 650 752 957 1483 1550 1557 1685 2168
9 3 306 350 409
9 5 306 350 910 1490 2089
9 4 306 1089 1505 2094
9 2 306 1335
9 2 306 1797
9 3 306 350 2085
9 4 306 350 656 1335
9 3 218 306 2075
9 1 109
9 3 109 741 831
9 6 36 109 441 530 2086 2106
9 5 109 135 2145 2329 2504
9 6 859 937 1009 1784 1856 2026
9 4 79 522 975 2098
9 1 2097
9 4 490 868 1526 2425
9 4 803 830 1184 2101
9 2 702 2100
9 3 1309 1912 2385
9 3 1309 1912 2385
9 1 516
9 2 490 517
9 2 36 2094
9 4 36 399 1505 1781
9 2 693 1519
9 6 604 1085 1396 1421 1975 2110
9 4 1085 1421 1975 2109
9 1 711
9 6 118 255 711 1690 2030 2436
9 6 704 711 1077 1483 1743 2450
9 5 386 1083 2509 2519 2588
9 3 386 2117 2519
9 2 356 1218
9 8 386 770 1508 1846 1867 1894 2115 2118
9 3 229 1894 2117
9 2 33 218
9 5 33 442 665 2040 2637
9 3 33 2001 2122
9 10 91 196 332 627 665 1051 2040 2066 2121 2123
9 6 91 330 2001 2003 2122 2380
9 7 1119 1273 1608 1611 2125 2126 2127
9 5 1111 1119 1273 2124 2126
9 8 870 1111 1119 1235 1273 1608 2124 2125
9 4 546 1119 2124 2130
9 2 1119 2129
9 4 1111 1119 1273 2128
9 12 430 691 791 912 983 1261 1889 1890 1891 2034 2127 2249
9 3 1463 2133 2182
9 4 1163 1463 1482 1683
9 7 276 434 1463 1695 2054 2131 2182
9 2 921 1351
9 3 175 190 2282
9 4 737 1121 1655 1671
9 3 1394 1487 1671
9 3 548 598 944
9 4 24 1636 2140 2141
9 5 17 927 1301 1679 2139
9 4 24 1636 2139 2142
9 1 2141
9 4 303 1367 1777 1787
9 6 135 137 2145 2329 2331 2504
9 4 18 1512 2095 2144
9 7 374 509 846 1101 1242 2147 2148
9 6 374 455 658 1664 2146 2486
9 4 509 1101 1242 2146
9 1 374
9 2 1378 2058
9 3 93 1224 2423
9 2 1224 2385
9 3 973 1224 2155
9 4 1224 1291 1587 1660
9 17 74 280 539 586 749 993 1118 1131 1143 1152 1203 1224 1535 2153 2293 2294 2295
9 4 324 651 1224 2024
9 5 108 1835 2158 2159 2160
9 1 2157
9 3 23 2157 2160
9 8 898 1328 1647 1698 1835 2157 2159 2161
9 2 1327 2160
9 5 30 61 738 1080 2163
9 5 1073 1303 1348 1502 2162
9 3 87 2217 2282
9 3 118 279 1343
9 2 118 1029
9 1 957
9 8 834 876 1033 1557 1586 1726 2083 2169
9 5 131 683 1546 1547 2168
9 2 1357 2171
9 1 2170
9 5 52 525 1467 1628 2182
9 2 939 2174
9 1 2173
9 5 4 982 1256 1761 2176
9 8 4 595 982 1016 1091 1256 1382 2175
9 4 398 644 2367 2371
9 7 76 88 415 737 1309 1979 2024
9 1 440
9 5 81 257 525 2182 2183
9 8 95 142 525 1388 2074 2196 2197 2202
9 19 52 95 239 415 525 858 1139 1285 1515 1838 2072 2131 2133 2172 2180 2198 2231 2232 2233
9 3 95 525 2180
9 2 70 441
9 4 1131 1133 1500 1538
9 5 756 901 1279 1692 2199
9 4 172 756 1472 1692
9 1 454
9 6 69 454 847 1395 1682 1926
9 2 454 2022
9 1 387
9 4 144 213 495 537
9 1 2194
9 5 214 324 1120 2193 2195
9 4 594 663 1333 2194
9 2 1631 2181
9 6 95 734 736 965 1388 2181
9 5 751 964 1042 2055 2182
9 10 95 456 544 680 731 901 1580 2186 2200 2201
9 3 95 1580 2199
9 3 95 552 2199
9 4 734 736 751 2181
9 5 731 1279 1801 2330 2511
9 3 1951 1952 2521
9 3 48 788 1952
9 3 48 1951 1952
9 3 979 1200 2241
9 1 1483
9 3 108 1504 1647
9 2 104 864
9 2 1065 2356
9 4 708 710 1392 2216
9 3 51 421 710
9 3 51 1201 2216
9 4 51 457 1724 2216
9 7 421 457 708 1724 2212 2214 2215
9 5 96 175 231 2023 2164
9 2 1411 1459
9 3 475 485 1838
9 5 1148 1169 1317 2221 2525
9 6 823 1148 1317 1739 2220 2507
9 4 75 284 2224 2225
9 4 75 84 284 2224
9 8 75 84 284 583 2222 2223 2225 2226
9 5 75 284 583 2222 2224
9 3 84 284 2224
9 6 266 634 1269 1399 1630 2228
9 6 809 1396 1501 2227 2394 2395
9 3 266 601 809
9 4 482 606 938 2296
9 2 2182 2292
9 3 315 1376 2182
9 3 636 2182 2291
9 1 1515
9 3 612 676 1955
9 4 151 805 1969 2237
9 3 1240 2236 2238
9 11 22 151 152 627 706 1702 1703 1969 2237 2239 2240
9 1 2238
9 7 152 963 1157 1443 1530 2238 2399
9 6 500 1191 1503 1957 2207 2242
9 2 2241 2539
9 5 1107 1503 2244 2245 2246
9 2 281 2243
9 2 2243 2246
9 4 1595 2243 2245 2247
9 7 281 972 1086 1325 2246 2509 2543
9 14 348 428 837 856 996 1071 1135 1138 1255 1257 1366 1461 1545 2249
9 6 368 1257 2130 2248 2518 2671
9 4 283 348 1138 1260
9 3 121 1158 2252
9 3 121 1158 2251
9 1 1697
9 1 1146
9 1 225
9 2 102 1878
9 1 1728
9 1 1290
9 4 1419 1436 2335 2337
9 3 529 1417 1419
9 2 718 1474
9 2 1015 1143
9 3 94 1015 2490
9 1 1104
9 3 984 1322 1324
9 4 1395 2267 2321 2364
9 2 1395 2266
9 6 309 383 733 1160 1278 2291
9 7 20 370 392 1415 1619 1903 2270
9 6 20 128 1354 1414 2269 2375
9 1 1441
9 1 1441
9 1 1441
9 3 1370 1441 1527
9 3 1128 1441 1954
9 3 868 1115 1844
9 3 734 839 2074
9 2 850 1359
9 3 110 565 2466
9 5 242 270 279 838 1131
9 3 1131 1842 2405
9 6 816 1131 1351 1655 2135 2164
9 3 575 1131 1382
9 2 1901 2285
9 4 451 989 2284 2286
9 3 1549 1901 2285
9 3 610 826 2288
9 3 114 610 2287
9 4 444 584 623 2464
9 5 444 1102 1207 2464 2496
9 9 377 481 715 733 1265 1682 2233 2268 2292
9 2 2231 2291
9 3 921 1535 2155
9 2 1141 2155
9 5 86 897 1110 1655 2155
9 3 313 1134 2230
9 3 1796 2298 2299
9 1 2297
9 2 1795 2297
9 1 1196
9 2 733 2008
9 2 733 1692
9 3 45 733 2541
9 4 465 469 733 2385
9 6 309 453 1278 1818 1909 2306
9 5 453 1278 1818 2305 2552
9 3 482 1067 1742
9 4 159 482 531 2559
9 8 210 461 994 1021 1043 1268 1399 1869
9 2 21 1920
9 2 2056 2576
9 2 61 1333
9 2 873 1708
9 2 767 1708
9 1 1344
9 1 1343
9 3 25 1403 1928
9 2 1681 1779
9 3 695 1681 1682
9 2 1681 1682
9 2 1682 2266
9 1 1705
9 2 344 1444
9 4 1282 1283 1735 1776
9 3 508 1768 1991
9 4 878 1142 1782 1998
9 4 699 1490 1778 2328
9 1 2327
9 6 137 397 2095 2144 2330 2331
9 3 861 2203 2329
9 2 2144 2329
9 3 1125 1481 1669
9 3 1042 1047 1588
9 2 174 1725
9 9 151 627 1385 1474 1481 1519 2001 2259 2336
9 5 1046 1202 1428 2335 2524
9 1 2259
9 2 1558 2555
9 4 843 1191 1558 2340
9 2 1558 2339
9 1 780
9 1 1259
9 2 30 2344
9 4 279 1080 2343 2475
9 1 1692
9 3 1469 1692 2349
9 3 456 544 1692
9 3 576 1692 2001
9 7 1185 1460 1469 1498 1692 2346 2358
9 3 1178 1417 1529
9 6 394 577 849 906 1064 1129
9 3 577 1064 1129
9 3 577 906 1129
9 1 577
9 3 94 2356 2357
9 5 675 934 2211 2355 2357
9 5 39 94 1846 2355 2356
9 5 631 1185 1460 1469 2349
9 11 290 480 687 797 1136 1171 1175 1189 1433 1834 2372
9 4 27 606 2027 2578
9 1 606
9 1 442
9 2 125 1555
9 3 667 2051 2266
9 7 391 616 970 998 1565 1709 1738
9 3 46 686 1738
9 14 15 395 765 894 1090 1093 1147 1271 1598 2177 2368 2369 2370 2371
9 2 2367 2370
9 2 2367 2370
9 3 2367 2368 2369
9 3 1147 2177 2367
9 3 480 687 2359
9 1 267
9 1 20
9 4 20 371 1404 2270
9 7 783 813 911 1061 1143 1202 1428
9 1 372
9 2 1018 2001
9 3 1107 2001 2002
9 3 91 2001 2123
9 3 1662 1666 2001
9 3 814 1158 2383
9 10 299 588 808 814 893 924 1051 1484 1635 2382
9 1 1655
9 7 191 995 1338 2102 2103 2152 2304
9 3 299 885 1082
9 6 271 299 638 1046 1406 1510
9 6 175 551 728 945 1377 1914
9 2 1740 2451
9 5 489 1041 1740 2391 2451
9 4 489 1740 2390 2451
9 3 535 1740 2451
9 2 368 1634
9 16 88 471 504 600 724 1027 1085 1174 1396 1399 1420 1421 2228 2395 2396 2397
9 5 724 1396 1501 2228 2394
9 3 504 1420 2394
9 1 2394
9 2 1662 2493
9 5 43 963 1443 2240 2434
9 2 43 963
9 4 375 963 2434 2435
9 2 781 2403
9 2 836 2402
9 1 1912
9 7 120 483 816 1842 1979 1980 2281
9 2 523 2043
9 3 573 643 1313
9 2 434 1693
9 2 716 1057
9 1 2411
9 1 2410
9 3 197 469 1997
9 3 1725 2414 2415
9 2 1200 2413
9 3 915 2413 2597
9 2 1152 2417
9 1 2416
9 6 57 65 239 572 1293 2021
9 4 65 74 497 1848
9 1 640
9 1 757
9 2 847 1920
9 4 279 304 518 2151
9 2 195 1839
9 5 1341 1526 1622 2099 2426
9 1 2425
9 3 37 349 2428
9 1 2427
9 1 250
9 2 201 570
9 1 2432
9 1 2431
9 1 1233
9 5 375 963 1087 2399 2401
9 2 375 2401
9 4 989 1507 2031 2112
9 3 167 168 2438
9 2 168 2437
9 4 867 1229 2530 2652
9 4 657 867 1229 2530
9 2 1229 1599
9 5 657 867 1229 2530 2614
9 2 615 1742
9 6 16 464 580 1710 1742 2503
9 4 464 580 1742 2503
9 8 609 1216 1427 1712 1716 1749 2447 2448
9 3 609 1037 2446
9 5 609 762 1041 1067 2446
9 1 1523
9 12 389 562 704 754 969 1077 1284 1412 1527 1620 1743 2113
9 11 268 367 752 1757 1801 1804 2389 2390 2391 2392 2452
9 2 2451 2685
9 2 354 1839
9 3 26 99 122
9 4 26 99 122 123
9 2 672 817
9 4 499 1917 2458 2649
9 2 499 2457
9 2 760 2689
9 2 760 1599
9 1 106
9 1 1442
9 4 89 340 584 1157
9 12 444 515 584 623 828 1102 1207 1530 1795 2289 2290 2465
9 3 515 1102 2464
9 5 425 533 1007 1758 2279
9 2 2017 2468
9 1 2467
9 2 365 1475
9 2 614 1475
9 2 48 2493
9 6 192 456 591 642 667 1017
9 2 217 2648
9 2 217 243
9 2 1928 2344
9 7 105 524 564 1169 1596 1721 2651
9 1 2006
9 1 124
9 1 1236
9 3 331 712 1359
9 2 610 840
9 2 167 1056
9 2 385 2484
9 3 369 385 2483
9 6 252 1370 1592 1792 1851 2050
9 3 455 1684 2147
9 1 85
9 1 85
9 1 1608
9 2 94 2263
9 3 1360 1899 1960
9 5 111 301 758 1169 1765
9 4 157 855 2398 2471
9 2 417 2495
9 4 833 1130 1641 2494
9 1 2290
9 3 388 703 1578
9 3 271 299 1484
9 2 1117 1524
9 3 722 1567 1874
9 5 722 1092 1106 1321 1874
9 1 858
9 6 403 616 1038 1216 2444 2445
9 3 137 2095 2144
9 1 406
9 1 114
9 3 353 1250 2221
9 3 507 1300 1941
9 5 1365 1987 2114 2247 2519
9 1 1899
9 1 2203
9 1 569
9 1 1684
9 2 1154 2515
9 5 246 936 1154 2514 2530
9 3 694 801 2517
9 2 941 2516
9 7 148 381 996 1135 1257 2249 2538
9 4 1365 2114 2115 2509
9 3 1428 1429 1484
9 1 2204
9 3 657 867 2656
9 2 657 867
9 3 1202 1428 2336
9 2 154 2220
9 2 560 585
9 1 540
9 2 826 1226
9 1 959
9 6 871 936 2439 2440 2442 2515
9 1 1026
9 1 460
9 1 1201
9 5 605 620 729 1159 2535
9 2 1186 2534
9 1 1307
9 2 117 259
9 5 381 450 492 1257 2518
9 4 237 2242 2540 2632
9 1 2539
9 2 1591 2303
9 1 843
9 3 269 1000 2247
9 1 3
9 1 10
9 4 5 466 628 952
9 2 488 515
9 1 582
9 1 582
9 1 1812
9 1 269
9 1 2306
9 5 728 748 1368 1470 1911
9 2 1136 2689
9 5 792 961 1728 2338 2599
9 3 626 1249 1610
9 1 1610
9 3 626 1249 1610
9 1 2308
9 3 1114 1717 2561
9 1 2560
9 2 292 1036
9 2 1050 1081
9 5 194 1050 1379 1380 1451
9 3 953 2566 2567
9 2 953 2565
9 2 953 2565
9 1 1023
9 3 380 477 930
9 5 727 1151 1386 2572 2573
9 1 1386
9 1 2570
9 2 1877 2570
9 1 1186
9 1 1008
9 3 1680 2056 2311
9 2 1235 1663
9 2 27 2360
9 3 972 1086 1225
9 4 186 972 1228 1536
9 2 83 449
9 3 0 1166 1862
9 1 247
9 1 876
9 2 558 1706
9 1 1375
9 1 1046
9 1 2114
9 1 1185
9 3 1185 1469 1498
9 2 234 1552
9 2 793 1903
9 1 1741
9 2 218 2680
9 1 833
9 4 1589 1725 1745 1751
9 6 915 1358 1389 1725 1734 2415
9 1 329
9 3 961 1728 2555
9 1 832
9 2 1488 2609
9 1 2603
9 1 2602
9 3 99 123 127
9 1 1348
9 1 670
9 1 1003
9 3 891 1674 1900
9 2 411 2601
9 1 1049
9 1 1239
9 2 1280 1516
9 1 1095
9 5 9 494 723 1599 2442
9 2 332 2696
9 2 64 1737
9 1 166
9 1 2619
9 1 2618
9 1 1925
9 1 1959
9 1 145
9 1 946
9 2 44 2701
9 1 2626
9 1 2625
9 1 929
9 1 67
9 1 692
9 2 1957 2699
9 1 66
9 1 2539
9 1 1563
9 2 2635 2636
9 1 2634
9 2 2634 2693
9 1 2120
9 1 447
9 1 917
9 1 1519
9 2 535 936
9 4 16 358 364 1756
9 1 111
9 1 1885
9 4 29 258 706 1443
9 1 194
9 3 243 473 1686
9 3 243 1532 2473
9 2 1915 2457
9 1 960
9 3 59 105 2476
9 3 357 871 2439
9 2 865 1920
9 3 403 1037 2655
9 1 2654
9 2 1252 2522
9 1 1642
9 1 1642
9 1 967
9 1 1673
9 2 12 1318
9 3 12 1001 1318
9 2 1432 1605
9 1 1438
9 1 2666
9 1 2665
9 6 45 486 1020 2075 2076 2668
9 5 14 45 486 2075 2667
9 1 592
9 3 837 1194 2679
9 14 428 726 1071 1109 1135 1206 1257 1533 1688 2249 2672 2673 2674 2675
9 1 2671
9 3 492 1257 2671
9 3 1109 2671 2675
9 3 1109 2671 2674
9 2 200 1439
9 2 956 1257
9 3 492 1135 1257
9 5 177 1257 1639 2670 2682
9 2 1522 2594
9 5 209 361 1390 1449 2683
9 2 177 2679
9 1 2681
9 2 1320 1349
9 4 296 732 1718 2452
9 2 1554 1657
9 2 1554 2688
9 3 1554 1657 2687
9 2 2459 2554
9 1 611
9 2 71 206
9 1 1310
9 1 2636
9 2 431 2695
9 2 431 2694
9 1 2615
9 1 986
9 2 1400 1573
9 1 2630
9 1 1151
9 2 44 2624
9 2 186 1536
9 1 1298
9 1 641
9 1 287
9 4 165 169 1473 2707
9 4 165 598 1473 2706
