64, 0.05, 2, 0.0001
0.7720000147819519, 0.800000011920929
===========================
64, 0.05, 2, 0.0003
0.7980000376701355, 0.7900000214576721
===========================
64, 0.05, 2, 0.001
0.7940000295639038, 0.7870000600814819
===========================
64, 0.05, 4, 0.0001
0.7860000133514404, 0.7780000567436218
===========================
64, 0.05, 4, 0.0003
0.7980000376701355, 0.796000063419342
===========================
64, 0.05, 4, 0.001
0.8040000200271606, 0.8010000586509705
===========================
64, 0.05, 6, 0.0001
0.7360000610351562, 0.7350000143051147
===========================
64, 0.05, 6, 0.0003
0.8060000538825989, 0.7900000214576721
===========================
64, 0.05, 6, 0.001
0.8040000200271606, 0.8070000410079956
===========================
64, 0.05, 10, 0.0001
0.7580000162124634, 0.7760000228881836
===========================
64, 0.05, 10, 0.0003
0.8060000538825989, 0.796000063419342
===========================
64, 0.05, 10, 0.001
0.7980000376701355, 0.8030000329017639
===========================
64, 0.05, 18.2, 0.0001
0.6420000195503235, 0.6640000343322754
===========================
64, 0.05, 18.2, 0.0003
0.800000011920929, 0.812000036239624
===========================
64, 0.05, 18.2, 0.001
0.7900000214576721, 0.7910000085830688
===========================
64, 0.1, 2, 0.0001
0.7660000324249268, 0.7600000500679016
===========================
64, 0.1, 2, 0.0003
0.800000011920929, 0.7910000085830688
===========================
64, 0.1, 2, 0.001
0.800000011920929, 0.8050000667572021
===========================
64, 0.1, 4, 0.0001
0.7900000214576721, 0.8190000653266907
===========================
64, 0.1, 4, 0.0003
0.8020000457763672, 0.7880000472068787
===========================
64, 0.1, 4, 0.001
0.8160000443458557, 0.8140000104904175
===========================
64, 0.1, 6, 0.0001
0.7500000596046448, 0.7770000100135803
===========================
64, 0.1, 6, 0.0003
0.7940000295639038, 0.7860000133514404
===========================
64, 0.1, 6, 0.001
0.8140000104904175, 0.8060000538825989
===========================
64, 0.1, 10, 0.0001
0.7320000529289246, 0.7430000305175781
===========================
64, 0.1, 10, 0.0003
0.7900000214576721, 0.7920000553131104
===========================
64, 0.1, 10, 0.001
0.8020000457763672, 0.7880000472068787
===========================
64, 0.1, 18.2, 0.0001
0.6100000143051147, 0.6490000486373901
===========================
64, 0.1, 18.2, 0.0003
0.796000063419342, 0.7950000166893005
===========================
64, 0.1, 18.2, 0.001
0.8060000538825989, 0.7910000085830688
===========================
64, 0.15, 2, 0.0001
0.7780000567436218, 0.7730000615119934
===========================
64, 0.15, 2, 0.0003
0.8060000538825989, 0.7870000600814819
===========================
64, 0.15, 2, 0.001
0.796000063419342, 0.8050000667572021
===========================
64, 0.15, 4, 0.0001
0.6440000534057617, 0.6510000228881836
===========================
64, 0.15, 4, 0.0003
0.7780000567436218, 0.7720000147819519
===========================
64, 0.15, 4, 0.001
0.8080000281333923, 0.7900000214576721
===========================
64, 0.15, 6, 0.0001
0.6720000505447388, 0.6690000295639038
===========================
64, 0.15, 6, 0.0003
0.8080000281333923, 0.8060000538825989
===========================
64, 0.15, 6, 0.001
0.7980000376701355, 0.796000063419342
===========================
64, 0.15, 10, 0.0001
0.6500000357627869, 0.6490000486373901
===========================
64, 0.15, 10, 0.0003
0.7980000376701355, 0.7940000295639038
===========================
64, 0.15, 10, 0.001
0.8100000619888306, 0.8180000185966492
===========================
64, 0.15, 18.2, 0.0001
0.7700000405311584, 0.7990000247955322
===========================
64, 0.15, 18.2, 0.0003
0.7920000553131104, 0.8040000200271606
===========================
64, 0.15, 18.2, 0.001
0.7940000295639038, 0.7870000600814819
===========================
64, 0.25, 2, 0.0001
0.7740000486373901, 0.7820000648498535
===========================
64, 0.25, 2, 0.0003
0.7920000553131104, 0.8010000586509705
===========================
64, 0.25, 2, 0.001
0.8100000619888306, 0.7910000085830688
===========================
64, 0.25, 4, 0.0001
0.7760000228881836, 0.7800000309944153
===========================
64, 0.25, 4, 0.0003
0.7720000147819519, 0.7780000567436218
===========================
64, 0.25, 4, 0.001
0.8080000281333923, 0.800000011920929
===========================
64, 0.25, 6, 0.0001
0.6740000247955322, 0.7100000381469727
===========================
64, 0.25, 6, 0.0003
0.7980000376701355, 0.7880000472068787
===========================
64, 0.25, 6, 0.001
0.7940000295639038, 0.7870000600814819
===========================
64, 0.25, 10, 0.0001
0.7260000109672546, 0.7550000548362732
===========================
64, 0.25, 10, 0.0003
0.8020000457763672, 0.8100000619888306
===========================
64, 0.25, 10, 0.001
0.7940000295639038, 0.7890000343322754
===========================
64, 0.25, 18.2, 0.0001
0.5480000376701355, 0.5910000205039978
===========================
64, 0.25, 18.2, 0.0003
0.7800000309944153, 0.7920000553131104
===========================
64, 0.25, 18.2, 0.001
0.7880000472068787, 0.7870000600814819
===========================
64, 0.3, 2, 0.0001
0.7720000147819519, 0.7740000486373901
===========================
64, 0.3, 2, 0.0003
0.7740000486373901, 0.7880000472068787
===========================
64, 0.3, 2, 0.001
0.8140000104904175, 0.7970000505447388
===========================
64, 0.3, 4, 0.0001
0.7400000095367432, 0.734000027179718
===========================
64, 0.3, 4, 0.0003
0.7900000214576721, 0.7800000309944153
===========================
64, 0.3, 4, 0.001
0.8040000200271606, 0.8050000667572021
===========================
64, 0.3, 6, 0.0001
0.6920000314712524, 0.6990000605583191
===========================
64, 0.3, 6, 0.0003
0.7720000147819519, 0.7790000438690186
===========================
64, 0.3, 6, 0.001
0.8060000538825989, 0.7940000295639038
===========================
64, 0.3, 10, 0.0001
0.7220000624656677, 0.7570000290870667
===========================
64, 0.3, 10, 0.0003
0.7680000066757202, 0.7730000615119934
===========================
64, 0.3, 10, 0.001
0.800000011920929, 0.7890000343322754
===========================
64, 0.3, 18.2, 0.0001
0.7200000286102295, 0.7420000433921814
===========================
64, 0.3, 18.2, 0.0003
0.6880000233650208, 0.6950000524520874
===========================
64, 0.3, 18.2, 0.001
0.8020000457763672, 0.8130000233650208
===========================
64, 0.35, 2, 0.0001
0.800000011920929, 0.8040000200271606
===========================
64, 0.35, 2, 0.0003
0.7940000295639038, 0.8050000667572021
===========================
64, 0.35, 2, 0.001
0.8040000200271606, 0.8080000281333923
===========================
64, 0.35, 4, 0.0001
0.6660000085830688, 0.6920000314712524
===========================
64, 0.35, 4, 0.0003
0.800000011920929, 0.784000039100647
===========================
64, 0.35, 4, 0.001
0.8100000619888306, 0.8130000233650208
===========================
64, 0.35, 6, 0.0001
0.7680000066757202, 0.7770000100135803
===========================
64, 0.35, 6, 0.0003
0.7640000581741333, 0.76500004529953
===========================
64, 0.35, 6, 0.001
0.8020000457763672, 0.800000011920929
===========================
64, 0.35, 10, 0.0001
0.6680000424385071, 0.6970000267028809
===========================
64, 0.35, 10, 0.0003
0.7020000219345093, 0.7220000624656677
===========================
64, 0.35, 10, 0.001
0.800000011920929, 0.796000063419342
===========================
64, 0.35, 18.2, 0.0001
0.5520000457763672, 0.5670000314712524
===========================
