256, 0.3, 10, 0.0003
0.800000011920929, 0.8050000667572021
===========================
256, 0.05, 2, 0.0001
0.812000036239624, 0.8090000152587891
===========================
256, 0.05, 2, 0.0003
0.8080000281333923, 0.7900000214576721
===========================
256, 0.05, 2, 0.001
0.800000011920929, 0.7970000505447388
===========================
256, 0.3, 10, 0.001
0.8080000281333923, 0.8180000185966492
===========================
256, 0.05, 4, 0.0001
0.796000063419342, 0.8060000538825989
===========================
256, 0.05, 4, 0.0003
0.812000036239624, 0.8110000491142273
===========================
256, 0.05, 4, 0.001
0.8020000457763672, 0.7940000295639038
===========================
256, 0.05, 6, 0.0001
0.7720000147819519, 0.781000018119812
===========================
256, 0.3, 18.2, 0.0001
0.734000027179718, 0.7680000066757202
===========================
256, 0.05, 6, 0.0003
0.8040000200271606, 0.7950000166893005
===========================
256, 0.05, 6, 0.001
0.8100000619888306, 0.8020000457763672
===========================
256, 0.3, 18.2, 0.0003
0.7860000133514404, 0.7910000085830688
===========================
256, 0.05, 10, 0.0001
0.7160000205039978, 0.7360000610351562
===========================
256, 0.05, 10, 0.0003
0.7940000295639038, 0.8020000457763672
===========================
256, 0.3, 18.2, 0.001
0.7940000295639038, 0.784000039100647
===========================
256, 0.35, 2, 0.0001
0.8040000200271606, 0.8100000619888306
===========================
256, 0.05, 10, 0.001
0.8040000200271606, 0.796000063419342
===========================
256, 0.35, 2, 0.0003
0.8060000538825989, 0.7800000309944153
===========================
256, 0.35, 2, 0.001
0.7980000376701355, 0.8140000104904175
===========================
256, 0.35, 4, 0.0001
0.7980000376701355, 0.7930000424385071
===========================
256, 0.35, 4, 0.0003
0.8020000457763672, 0.7880000472068787
===========================
256, 0.05, 18.2, 0.0001
0.5139999985694885, 0.5260000228881836
===========================
256, 0.35, 4, 0.001
0.8020000457763672, 0.800000011920929
===========================
256, 0.35, 6, 0.0001
0.7760000228881836, 0.7590000629425049
===========================
256, 0.35, 6, 0.0003
0.8140000104904175, 0.812000036239624
===========================
256, 0.05, 18.2, 0.0003
0.796000063419342, 0.800000011920929
===========================
256, 0.35, 6, 0.001
0.8040000200271606, 0.8100000619888306
===========================
256, 0.05, 18.2, 0.001
0.7980000376701355, 0.8040000200271606
===========================
256, 0.35, 10, 0.0001
0.7720000147819519, 0.7760000228881836
===========================
256, 0.1, 2, 0.0001
0.812000036239624, 0.8240000605583191
===========================
256, 0.1, 2, 0.0003
0.812000036239624, 0.8080000281333923
===========================
256, 0.1, 2, 0.001
0.800000011920929, 0.8130000233650208
===========================
256, 0.35, 10, 0.0003
0.800000011920929, 0.8060000538825989
===========================
256, 0.1, 4, 0.0001
0.812000036239624, 0.7870000600814819
===========================
256, 0.1, 4, 0.0003
0.8040000200271606, 0.7930000424385071
===========================
256, 0.35, 10, 0.001
0.8040000200271606, 0.812000036239624
===========================
256, 0.1, 4, 0.001
0.8060000538825989, 0.8110000491142273
===========================
256, 0.1, 6, 0.0001
0.7440000176429749, 0.7390000224113464
===========================
256, 0.1, 6, 0.0003
0.8020000457763672, 0.8020000457763672
===========================
256, 0.35, 18.2, 0.0001
0.6640000343322754, 0.6660000085830688
===========================
256, 0.1, 6, 0.001
0.8040000200271606, 0.8070000410079956
===========================
256, 0.1, 10, 0.0001
0.7680000066757202, 0.7890000343322754
===========================
256, 0.35, 18.2, 0.0003
0.7800000309944153, 0.781000018119812
===========================
256, 0.1, 10, 0.0003
0.8020000457763672, 0.8160000443458557
===========================
256, 0.1, 10, 0.001
0.8080000281333923, 0.8010000586509705
===========================
256, 0.35, 18.2, 0.001
0.7980000376701355, 0.7890000343322754
===========================
256, 0.4, 2, 0.0001
0.8180000185966492, 0.8050000667572021
===========================
256, 0.4, 2, 0.0003
0.7980000376701355, 0.7780000567436218
===========================
256, 0.4, 2, 0.001
0.8080000281333923, 0.8050000667572021
===========================
256, 0.1, 18.2, 0.0001
0.7640000581741333, 0.7820000648498535
===========================
256, 0.4, 4, 0.0001
0.7980000376701355, 0.7970000505447388
===========================
256, 0.4, 4, 0.0003
0.8020000457763672, 0.7940000295639038
===========================
256, 0.4, 4, 0.001
0.8100000619888306, 0.7990000247955322
===========================
256, 0.1, 18.2, 0.0003
0.7860000133514404, 0.7930000424385071
===========================
256, 0.4, 6, 0.0001
0.784000039100647, 0.7790000438690186
===========================
256, 0.4, 6, 0.0003
0.800000011920929, 0.7980000376701355
===========================
256, 0.1, 18.2, 0.001
0.800000011920929, 0.7980000376701355
===========================
256, 0.4, 6, 0.001
0.8040000200271606, 0.8030000329017639
===========================
256, 0.15, 2, 0.0001
0.7940000295639038, 0.7890000343322754
===========================
256, 0.15, 2, 0.0003
0.8060000538825989, 0.7940000295639038
===========================
256, 0.15, 2, 0.001
0.8180000185966492, 0.8060000538825989
===========================
256, 0.4, 10, 0.0001
0.7680000066757202, 0.7610000371932983
===========================
256, 0.15, 4, 0.0001
0.800000011920929, 0.7830000519752502
===========================
256, 0.15, 4, 0.0003
0.8100000619888306, 0.800000011920929
===========================
256, 0.4, 10, 0.0003
0.7900000214576721, 0.8050000667572021
===========================
256, 0.15, 4, 0.001
0.8060000538825989, 0.7950000166893005
===========================
256, 0.15, 6, 0.0001
0.7520000338554382, 0.7570000290870667
===========================
256, 0.4, 10, 0.001
0.800000011920929, 0.8030000329017639
===========================
256, 0.15, 6, 0.0003
0.800000011920929, 0.8060000538825989
===========================
256, 0.15, 6, 0.001
0.8040000200271606, 0.8140000104904175
===========================
256, 0.4, 18.2, 0.0001
0.6640000343322754, 0.7000000476837158
===========================
256, 0.15, 10, 0.0001
0.7860000133514404, 0.7830000519752502
===========================
256, 0.15, 10, 0.0003
0.7900000214576721, 0.8110000491142273
===========================
256, 0.4, 18.2, 0.0003
0.7780000567436218, 0.7740000486373901
===========================
256, 0.15, 10, 0.001
0.8100000619888306, 0.8140000104904175
===========================
256, 0.4, 18.2, 0.001
0.7940000295639038, 0.796000063419342
===========================
256, 0.15, 18.2, 0.0001
0.5560000538825989, 0.5740000009536743
===========================
384, 0.05, 2, 0.0001
0.8140000104904175, 0.8020000457763672
===========================
384, 0.05, 2, 0.0003
0.8100000619888306, 0.8130000233650208
===========================
384, 0.05, 2, 0.001
0.8140000104904175, 0.8220000267028809
===========================
384, 0.05, 4, 0.0001
0.7940000295639038, 0.76500004529953
===========================
256, 0.15, 18.2, 0.0003
0.7880000472068787, 0.8030000329017639
===========================
384, 0.05, 4, 0.0003
0.8080000281333923, 0.7970000505447388
===========================
384, 0.05, 4, 0.001
0.8160000443458557, 0.8070000410079956
===========================
384, 0.05, 6, 0.0001
0.7640000581741333, 0.7620000243186951
===========================
256, 0.15, 18.2, 0.001
0.796000063419342, 0.7930000424385071
===========================
256, 0.25, 2, 0.0001
0.7900000214576721, 0.7890000343322754
===========================
256, 0.25, 2, 0.0003
0.8080000281333923, 0.8040000200271606
===========================
384, 0.05, 6, 0.0003
0.8020000457763672, 0.7920000553131104
===========================
256, 0.25, 2, 0.001
0.8060000538825989, 0.7910000085830688
===========================
384, 0.05, 6, 0.001
0.8040000200271606, 0.7880000472068787
===========================
256, 0.25, 4, 0.0001
0.7980000376701355, 0.7790000438690186
===========================
256, 0.25, 4, 0.0003
0.7920000553131104, 0.7770000100135803
===========================
256, 0.25, 4, 0.001
0.8180000185966492, 0.8130000233650208
===========================
384, 0.05, 10, 0.0001
0.7520000338554382, 0.7820000648498535
===========================
256, 0.25, 6, 0.0001
0.7680000066757202, 0.7730000615119934
===========================
384, 0.05, 10, 0.0003
0.7860000133514404, 0.7920000553131104
===========================
256, 0.25, 6, 0.0003
0.8080000281333923, 0.8010000586509705
===========================
256, 0.25, 6, 0.001
0.812000036239624, 0.8170000314712524
===========================
384, 0.05, 10, 0.001
0.800000011920929, 0.7950000166893005
===========================
256, 0.25, 10, 0.0001
0.7460000514984131, 0.753000020980835
===========================
256, 0.25, 10, 0.0003
0.7940000295639038, 0.8210000395774841
===========================
384, 0.05, 18.2, 0.0001
0.7680000066757202, 0.7830000519752502
===========================
256, 0.25, 10, 0.001
0.8040000200271606, 0.796000063419342
===========================
384, 0.05, 18.2, 0.0003
0.7880000472068787, 0.7880000472068787
===========================
256, 0.25, 18.2, 0.0001
0.7480000257492065, 0.7570000290870667
===========================
384, 0.05, 18.2, 0.001
0.796000063419342, 0.796000063419342
===========================
384, 0.1, 2, 0.0001
0.7980000376701355, 0.7860000133514404
===========================
256, 0.25, 18.2, 0.0003
0.7900000214576721, 0.7950000166893005
===========================
384, 0.1, 2, 0.0003
0.800000011920929, 0.8060000538825989
===========================
384, 0.1, 2, 0.001
0.8160000443458557, 0.8170000314712524
===========================
384, 0.1, 4, 0.0001
0.800000011920929, 0.7920000553131104
===========================
384, 0.1, 4, 0.0003
0.8100000619888306, 0.8090000152587891
===========================
256, 0.25, 18.2, 0.001
0.796000063419342, 0.7940000295639038
===========================
256, 0.3, 2, 0.0001
0.784000039100647, 0.8020000457763672
===========================
384, 0.1, 4, 0.001
0.8020000457763672, 0.800000011920929
===========================
256, 0.3, 2, 0.0003
0.8060000538825989, 0.8040000200271606
===========================
256, 0.3, 2, 0.001
0.7900000214576721, 0.781000018119812
===========================
384, 0.1, 6, 0.0001
0.7940000295639038, 0.7950000166893005
===========================
256, 0.3, 4, 0.0001
0.7760000228881836, 0.7860000133514404
===========================
384, 0.1, 6, 0.0003
0.800000011920929, 0.815000057220459
===========================
256, 0.3, 4, 0.0003
0.812000036239624, 0.815000057220459
===========================
256, 0.3, 4, 0.001
0.8060000538825989, 0.7970000505447388
===========================
384, 0.1, 6, 0.001
0.8040000200271606, 0.7890000343322754
===========================
256, 0.3, 6, 0.0001
0.784000039100647, 0.7900000214576721
===========================
256, 0.3, 6, 0.0003
0.8040000200271606, 0.7930000424385071
===========================
384, 0.1, 10, 0.0001
0.7660000324249268, 0.7540000081062317
===========================
256, 0.3, 6, 0.001
0.7980000376701355, 0.7900000214576721
===========================
384, 0.1, 10, 0.0003
0.8020000457763672, 0.8050000667572021
===========================
256, 0.3, 10, 0.0001
0.7620000243186951, 0.7720000147819519
===========================
384, 0.1, 10, 0.001
0.800000011920929, 0.8080000281333923
===========================
256, 0.3, 10, 0.0003
0.7940000295639038, 0.7900000214576721
===========================
256, 0.3, 10, 0.001
0.8080000281333923, 0.815000057220459
===========================
384, 0.1, 18.2, 0.0001
0.7540000081062317, 0.7710000276565552
===========================
256, 0.3, 18.2, 0.0001
0.7640000581741333, 0.7900000214576721
===========================
384, 0.1, 18.2, 0.0003
0.7880000472068787, 0.7890000343322754
===========================
256, 0.3, 18.2, 0.0003
0.7900000214576721, 0.7970000505447388
===========================
384, 0.1, 18.2, 0.001
0.8040000200271606, 0.8090000152587891
===========================
384, 0.15, 2, 0.0001
0.7820000648498535, 0.7780000567436218
===========================
384, 0.15, 2, 0.0003
0.8080000281333923, 0.8130000233650208
===========================
256, 0.3, 18.2, 0.001
0.8100000619888306, 0.8050000667572021
===========================
384, 0.15, 2, 0.001
0.8100000619888306, 0.7870000600814819
===========================
256, 0.35, 2, 0.0001
0.8100000619888306, 0.8090000152587891
===========================
256, 0.35, 2, 0.0003
0.8100000619888306, 0.8040000200271606
===========================
384, 0.15, 4, 0.0001
0.8020000457763672, 0.8040000200271606
===========================
256, 0.35, 2, 0.001
0.812000036239624, 0.7900000214576721
===========================
384, 0.15, 4, 0.0003
0.8020000457763672, 0.781000018119812
===========================
256, 0.35, 4, 0.0001
0.7740000486373901, 0.7620000243186951
===========================
384, 0.15, 4, 0.001
0.8060000538825989, 0.8090000152587891
===========================
256, 0.35, 4, 0.0003
0.800000011920929, 0.784000039100647
===========================
256, 0.35, 4, 0.001
0.8060000538825989, 0.8160000443458557
===========================
384, 0.15, 6, 0.0001
0.784000039100647, 0.7710000276565552
===========================
256, 0.35, 6, 0.0001
0.7920000553131104, 0.781000018119812
===========================
384, 0.15, 6, 0.0003
0.796000063419342, 0.8030000329017639
===========================
256, 0.35, 6, 0.0003
0.8100000619888306, 0.796000063419342
===========================
384, 0.15, 6, 0.001
0.8060000538825989, 0.8040000200271606
===========================
256, 0.35, 6, 0.001
0.8140000104904175, 0.8090000152587891
===========================
384, 0.15, 10, 0.0001
0.7660000324249268, 0.7570000290870667
===========================
256, 0.35, 10, 0.0001
0.7500000596046448, 0.7520000338554382
===========================
384, 0.15, 10, 0.0003
0.7940000295639038, 0.8010000586509705
===========================
256, 0.35, 10, 0.0003
0.7980000376701355, 0.7990000247955322
===========================
