Citeseer, 80, 0.3, 10, 0.0001
0.6260000467300415, 0.6240000128746033
===========================
Citeseer, 64, 0.35, 18.2, 0.0001
0.5940000414848328, 0.5560000538825989
===========================
Citeseer, 80, 0.3, 10, 0.0003
0.6660000085830688, 0.64000004529953
===========================
Citeseer, 64, 0.35, 18.2, 0.0003
0.6420000195503235, 0.6350000500679016
===========================
Citeseer, 80, 0.3, 10, 0.001
0.6800000071525574, 0.6610000133514404
===========================
Citeseer, 64, 0.35, 18.2, 0.001
0.6780000329017639, 0.6700000166893005
===========================
Citeseer, 80, 0.3, 18.2, 0.0001
0.6300000548362732, 0.612000048160553
===========================
Citeseer, 64, 0.4, 2, 0.0001
0.718000054359436, 0.703000009059906
===========================
Citeseer, 64, 0.4, 2, 0.0003
0.7000000476837158, 0.6810000538825989
===========================
Citeseer, 64, 0.4, 2, 0.001
0.7020000219345093, 0.6790000200271606
===========================
Citeseer, 64, 0.4, 4, 0.0001
0.6820000410079956, 0.6580000519752502
===========================
Citeseer, 80, 0.3, 18.2, 0.0003
0.6440000534057617, 0.6290000081062317
===========================
Citeseer, 64, 0.4, 4, 0.0003
0.6920000314712524, 0.6720000505447388
===========================
Citeseer, 64, 0.4, 4, 0.001
0.7000000476837158, 0.690000057220459
===========================
Citeseer, 64, 0.4, 6, 0.0001
0.6540000438690186, 0.6410000324249268
===========================
Citeseer, 80, 0.3, 18.2, 0.001
0.6580000519752502, 0.6530000567436218
===========================
Citeseer, 64, 0.4, 6, 0.0003
0.6720000505447388, 0.6320000290870667
===========================
Citeseer, 80, 0.35, 2, 0.0001
0.6740000247955322, 0.6650000214576721
===========================
Citeseer, 80, 0.35, 2, 0.0003
0.6880000233650208, 0.6770000457763672
===========================
Citeseer, 64, 0.4, 6, 0.001
0.6980000138282776, 0.6850000619888306
===========================
Citeseer, 80, 0.35, 2, 0.001
0.7080000042915344, 0.6820000410079956
===========================
Citeseer, 80, 0.35, 4, 0.0001
0.6640000343322754, 0.6550000309944153
===========================
Citeseer, 64, 0.4, 10, 0.0001
0.6260000467300415, 0.625
===========================
Citeseer, 80, 0.35, 4, 0.0003
0.6860000491142273, 0.6700000166893005
===========================
Citeseer, 64, 0.4, 10, 0.0003
0.6800000071525574, 0.6780000329017639
===========================
Citeseer, 80, 0.35, 4, 0.001
0.6920000314712524, 0.6810000538825989
===========================
Citeseer, 80, 0.35, 6, 0.0001
0.612000048160553, 0.625
===========================
Citeseer, 64, 0.4, 10, 0.001
0.706000030040741, 0.6940000057220459
===========================
Citeseer, 80, 0.35, 6, 0.0003
0.6640000343322754, 0.6380000114440918
===========================
Citeseer, 80, 0.35, 6, 0.001
0.7040000557899475, 0.6890000104904175
===========================
Citeseer, 64, 0.4, 18.2, 0.0001
0.6360000371932983, 0.6080000400543213
===========================
Citeseer, 80, 0.35, 10, 0.0001
0.6820000410079956, 0.6690000295639038
===========================
Citeseer, 64, 0.4, 18.2, 0.0003
0.6920000314712524, 0.6740000247955322
===========================
Citeseer, 80, 0.35, 10, 0.0003
0.6740000247955322, 0.6670000553131104
===========================
Citeseer, 256, 0.25, 6, 0.0001
0.6740000247955322, 0.6610000133514404
===========================
Citeseer, 80, 0.35, 10, 0.001
0.6880000233650208, 0.6970000267028809
===========================
Citeseer, 64, 0.4, 18.2, 0.001
0.706000030040741, 0.6970000267028809
===========================
Citeseer, 80, 0.05, 2, 0.0001
0.7080000042915344, 0.6910000443458557
===========================
Citeseer, 80, 0.05, 2, 0.0003
0.6860000491142273, 0.6840000152587891
===========================
Citeseer, 80, 0.05, 2, 0.001
0.690000057220459, 0.6720000505447388
===========================
Citeseer, 256, 0.25, 6, 0.0003
0.6740000247955322, 0.6510000228881836
===========================
Citeseer, 80, 0.35, 18.2, 0.0001
0.7020000219345093, 0.690000057220459
===========================
Citeseer, 80, 0.05, 4, 0.0001
0.6580000519752502, 0.6500000357627869
===========================
Citeseer, 80, 0.05, 4, 0.0003
0.6920000314712524, 0.687000036239624
===========================
Citeseer, 80, 0.05, 4, 0.001
0.6960000395774841, 0.6850000619888306
===========================
Citeseer, 256, 0.25, 6, 0.001
0.7040000557899475, 0.6940000057220459
===========================
Citeseer, 80, 0.35, 18.2, 0.0003
0.64000004529953, 0.6030000448226929
===========================
Citeseer, 80, 0.05, 6, 0.0001
0.6540000438690186, 0.6240000128746033
===========================
Citeseer, 80, 0.05, 6, 0.0003
0.6780000329017639, 0.6710000038146973
===========================
Citeseer, 80, 0.05, 6, 0.001
0.706000030040741, 0.6790000200271606
===========================
Citeseer, 80, 0.35, 18.2, 0.001
0.6840000152587891, 0.6710000038146973
===========================
Citeseer, 80, 0.4, 2, 0.0001
0.6580000519752502, 0.6490000486373901
===========================
Citeseer, 80, 0.4, 2, 0.0003
0.6960000395774841, 0.6830000281333923
===========================
Citeseer, 256, 0.25, 10, 0.0001
0.6620000600814819, 0.6310000419616699
===========================
Citeseer, 80, 0.05, 10, 0.0001
0.5440000295639038, 0.5330000519752502
===========================
Citeseer, 80, 0.4, 2, 0.001
0.706000030040741, 0.6930000185966492
===========================
Citeseer, 80, 0.4, 4, 0.0001
0.6580000519752502, 0.6470000147819519
===========================
Citeseer, 80, 0.05, 10, 0.0003
0.6680000424385071, 0.6480000019073486
===========================
Citeseer, 80, 0.4, 4, 0.0003
0.7100000381469727, 0.6980000138282776
===========================
Citeseer, 80, 0.4, 4, 0.001
0.706000030040741, 0.6670000553131104
===========================
Citeseer, 80, 0.05, 10, 0.001
0.690000057220459, 0.6780000329017639
===========================
Citeseer, 80, 0.4, 6, 0.0001
0.6340000033378601, 0.6380000114440918
===========================
Citeseer, 256, 0.25, 10, 0.0003
0.6760000586509705, 0.6580000519752502
===========================
Citeseer, 80, 0.4, 6, 0.0003
0.6880000233650208, 0.6660000085830688
===========================
Citeseer, 80, 0.05, 18.2, 0.0001
0.6740000247955322, 0.6510000228881836
===========================
Citeseer, 80, 0.4, 6, 0.001
0.7000000476837158, 0.6840000152587891
===========================
Citeseer, 80, 0.4, 10, 0.0001
0.6720000505447388, 0.6380000114440918
===========================
Citeseer, 256, 0.25, 10, 0.001
0.6740000247955322, 0.6800000071525574
===========================
Citeseer, 80, 0.05, 18.2, 0.0003
0.6800000071525574, 0.6550000309944153
===========================
Citeseer, 80, 0.4, 10, 0.0003
0.6980000138282776, 0.6860000491142273
===========================
Citeseer, 80, 0.05, 18.2, 0.001
0.6780000329017639, 0.6660000085830688
===========================
Citeseer, 80, 0.4, 10, 0.001
0.6920000314712524, 0.6820000410079956
===========================
Citeseer, 80, 0.1, 2, 0.0001
0.6960000395774841, 0.6780000329017639
===========================
Citeseer, 80, 0.1, 2, 0.0003
0.6940000057220459, 0.675000011920929
===========================
Citeseer, 80, 0.1, 2, 0.001
0.7100000381469727, 0.7010000348091125
===========================
Citeseer, 80, 0.1, 4, 0.0001
0.656000018119812, 0.6520000100135803
===========================
Citeseer, 80, 0.4, 18.2, 0.0001
0.6760000586509705, 0.6760000586509705
===========================
Citeseer, 80, 0.1, 4, 0.0003
0.7020000219345093, 0.6960000395774841
===========================
Citeseer, 80, 0.1, 4, 0.001
0.7020000219345093, 0.6950000524520874
===========================
Citeseer, 256, 0.25, 18.2, 0.0001
0.5540000200271606, 0.5430000424385071
===========================
Citeseer, 80, 0.4, 18.2, 0.0003
0.6160000562667847, 0.6100000143051147
===========================
Citeseer, 80, 0.1, 6, 0.0001
0.6820000410079956, 0.6710000038146973
===========================
Citeseer, 80, 0.1, 6, 0.0003
0.6660000085830688, 0.6520000100135803
===========================
Citeseer, 80, 0.1, 6, 0.001
0.6980000138282776, 0.6830000281333923
===========================
Citeseer, 80, 0.4, 18.2, 0.001
0.6600000262260437, 0.6600000262260437
===========================
Citeseer, 80, 0.1, 10, 0.0001
0.6740000247955322, 0.6540000438690186
===========================
Citeseer, 256, 0.05, 2, 0.0001
0.6960000395774841, 0.6910000443458557
===========================
Citeseer, 256, 0.05, 2, 0.0003
0.6920000314712524, 0.6890000104904175
===========================
Citeseer, 80, 0.1, 10, 0.0003
0.6740000247955322, 0.6460000276565552
===========================
Citeseer, 256, 0.05, 2, 0.001
0.7280000448226929, 0.7020000219345093
===========================
Citeseer, 80, 0.1, 10, 0.001
0.6800000071525574, 0.6920000314712524
===========================
Citeseer, 256, 0.25, 18.2, 0.0003
0.656000018119812, 0.6420000195503235
===========================
Citeseer, 256, 0.05, 4, 0.0001
0.6980000138282776, 0.6450000405311584
===========================
Citeseer, 80, 0.1, 18.2, 0.0001
0.6800000071525574, 0.6640000343322754
===========================
Citeseer, 256, 0.05, 4, 0.0003
0.6940000057220459, 0.6640000343322754
===========================
Citeseer, 256, 0.05, 4, 0.001
0.7040000557899475, 0.6800000071525574
===========================
Citeseer, 80, 0.1, 18.2, 0.0003
0.6840000152587891, 0.6810000538825989
===========================
Citeseer, 256, 0.25, 18.2, 0.001
0.6680000424385071, 0.6450000405311584
===========================
Citeseer, 80, 0.1, 18.2, 0.001
0.6820000410079956, 0.6440000534057617
===========================
Citeseer, 256, 0.05, 6, 0.0001
0.6800000071525574, 0.6570000052452087
===========================
Citeseer, 80, 0.15, 2, 0.0001
0.6920000314712524, 0.6520000100135803
===========================
Citeseer, 256, 0.3, 2, 0.0001
0.6720000505447388, 0.6740000247955322
===========================
Citeseer, 80, 0.15, 2, 0.0003
0.690000057220459, 0.6800000071525574
===========================
Citeseer, 80, 0.15, 2, 0.001
0.6940000057220459, 0.6840000152587891
===========================
Citeseer, 256, 0.3, 2, 0.0003
0.7120000123977661, 0.6890000104904175
===========================
Citeseer, 80, 0.15, 4, 0.0001
0.7000000476837158, 0.6830000281333923
===========================
Citeseer, 256, 0.05, 6, 0.0003
0.6960000395774841, 0.6830000281333923
===========================
Citeseer, 256, 0.3, 2, 0.001
0.7020000219345093, 0.675000011920929
===========================
Citeseer, 80, 0.15, 4, 0.0003
0.6960000395774841, 0.6620000600814819
===========================
Citeseer, 80, 0.15, 4, 0.001
0.6860000491142273, 0.6770000457763672
===========================
Citeseer, 256, 0.3, 4, 0.0001
0.6640000343322754, 0.6550000309944153
===========================
Citeseer, 256, 0.05, 6, 0.001
0.7040000557899475, 0.6920000314712524
===========================
Citeseer, 80, 0.15, 6, 0.0001
0.6160000562667847, 0.6160000562667847
===========================
Citeseer, 80, 0.15, 6, 0.0003
0.6800000071525574, 0.6460000276565552
===========================
Citeseer, 256, 0.3, 4, 0.0003
0.6920000314712524, 0.675000011920929
===========================
Citeseer, 80, 0.15, 6, 0.001
0.7300000190734863, 0.7160000205039978
===========================
Citeseer, 512, 0.1, 2, 0.0001
0.690000057220459, 0.6780000329017639
===========================
Citeseer, 80, 0.15, 10, 0.0001
0.6740000247955322, 0.6680000424385071
===========================
Citeseer, 384, 0.15, 4, 0.0001
0.6700000166893005, 0.6650000214576721
===========================
Citeseer, 256, 0.3, 4, 0.001
0.7200000286102295, 0.6990000605583191
===========================
Citeseer, 256, 0.05, 10, 0.0001
0.6420000195503235, 0.6310000419616699
===========================
Citeseer, 512, 0.1, 2, 0.0003
0.6980000138282776, 0.6880000233650208
===========================
Citeseer, 80, 0.15, 10, 0.0003
0.6680000424385071, 0.6580000519752502
===========================
Citeseer, 256, 0.3, 6, 0.0001
0.6880000233650208, 0.6580000519752502
===========================
Citeseer, 384, 0.15, 4, 0.0003
0.6880000233650208, 0.6730000376701355
===========================
Citeseer, 80, 0.15, 10, 0.001
0.7080000042915344, 0.6930000185966492
===========================
Citeseer, 512, 0.1, 2, 0.001
0.6940000057220459, 0.6650000214576721
===========================
Citeseer, 256, 0.05, 10, 0.0003
0.656000018119812, 0.6430000066757202
===========================
Citeseer, 256, 0.3, 6, 0.0003
0.6720000505447388, 0.6680000424385071
===========================
Citeseer, 384, 0.15, 4, 0.001
0.706000030040741, 0.6860000491142273
===========================
Citeseer, 80, 0.15, 18.2, 0.0001
0.5860000252723694, 0.5710000395774841
===========================
Citeseer, 512, 0.1, 4, 0.0001
0.718000054359436, 0.7050000429153442
===========================
Citeseer, 256, 0.3, 6, 0.001
0.7000000476837158, 0.6810000538825989
===========================
Citeseer, 80, 0.15, 18.2, 0.0003
0.6820000410079956, 0.6520000100135803
===========================
Citeseer, 256, 0.05, 10, 0.001
0.7200000286102295, 0.6840000152587891
===========================
Citeseer, 384, 0.15, 6, 0.0001
0.6460000276565552, 0.6510000228881836
===========================
Citeseer, 512, 0.1, 4, 0.0003
0.7080000042915344, 0.6880000233650208
===========================
Citeseer, 80, 0.15, 18.2, 0.001
0.6780000329017639, 0.6580000519752502
===========================
Citeseer, 80, 0.25, 2, 0.0001
0.6740000247955322, 0.6470000147819519
===========================
Citeseer, 80, 0.25, 2, 0.0003
0.7100000381469727, 0.6930000185966492
===========================
Citeseer, 256, 0.3, 10, 0.0001
0.6440000534057617, 0.6290000081062317
===========================
Citeseer, 80, 0.25, 2, 0.001
0.6920000314712524, 0.6820000410079956
===========================
Citeseer, 384, 0.15, 6, 0.0003
0.6800000071525574, 0.6690000295639038
===========================
Citeseer, 80, 0.25, 4, 0.0001
0.6780000329017639, 0.6510000228881836
===========================
Citeseer, 512, 0.1, 4, 0.001
0.6940000057220459, 0.675000011920929
===========================
Citeseer, 80, 0.25, 4, 0.0003
0.6720000505447388, 0.6600000262260437
===========================
Citeseer, 80, 0.25, 4, 0.001
0.6980000138282776, 0.690000057220459
===========================
Citeseer, 80, 0.25, 6, 0.0001
0.6200000047683716, 0.628000020980835
===========================
Citeseer, 256, 0.05, 18.2, 0.0001
0.6180000305175781, 0.6140000224113464
===========================
Citeseer, 256, 0.3, 10, 0.0003
0.6820000410079956, 0.6700000166893005
===========================
Citeseer, 384, 0.15, 6, 0.001
0.718000054359436, 0.6950000524520874
===========================
Citeseer, 80, 0.25, 6, 0.0003
0.6800000071525574, 0.6860000491142273
===========================
Citeseer, 80, 0.25, 6, 0.001
0.6880000233650208, 0.6730000376701355
===========================
Citeseer, 512, 0.1, 6, 0.0001
0.6660000085830688, 0.6550000309944153
===========================
Citeseer, 80, 0.25, 10, 0.0001
0.690000057220459, 0.675000011920929
===========================
Citeseer, 256, 0.3, 10, 0.001
0.6960000395774841, 0.6800000071525574
===========================
Citeseer, 80, 0.25, 10, 0.0003
0.6760000586509705, 0.6860000491142273
===========================
Citeseer, 80, 0.25, 10, 0.001
0.6840000152587891, 0.6670000553131104
===========================
Citeseer, 384, 0.15, 10, 0.0001
0.6300000548362732, 0.6450000405311584
===========================
Citeseer, 256, 0.05, 18.2, 0.0003
0.6780000329017639, 0.6500000357627869
===========================
Citeseer, 512, 0.1, 6, 0.0003
0.6960000395774841, 0.690000057220459
===========================
Citeseer, 80, 0.25, 18.2, 0.0001
0.5980000495910645, 0.5770000219345093
===========================
Citeseer, 256, 0.3, 18.2, 0.0001
0.5380000472068787, 0.5550000071525574
===========================
Citeseer, 80, 0.25, 18.2, 0.0003
0.6960000395774841, 0.675000011920929
===========================
Citeseer, 512, 0.1, 6, 0.001
0.6880000233650208, 0.6790000200271606
===========================
Citeseer, 384, 0.15, 10, 0.0003
0.6820000410079956, 0.6690000295639038
===========================
Citeseer, 80, 0.25, 18.2, 0.001
0.6740000247955322, 0.6700000166893005
===========================
Citeseer, 256, 0.05, 18.2, 0.001
0.6800000071525574, 0.6740000247955322
===========================
Citeseer, 80, 0.3, 2, 0.0001
0.6820000410079956, 0.6700000166893005
===========================
Citeseer, 80, 0.3, 2, 0.0003
0.6680000424385071, 0.6500000357627869
===========================
Citeseer, 256, 0.1, 2, 0.0001
0.706000030040741, 0.6920000314712524
===========================
Citeseer, 80, 0.3, 2, 0.001
0.7040000557899475, 0.675000011920929
===========================
Citeseer, 256, 0.1, 2, 0.0003
0.7000000476837158, 0.6800000071525574
===========================
Citeseer, 80, 0.3, 4, 0.0001
0.7020000219345093, 0.6710000038146973
===========================
Citeseer, 80, 0.3, 4, 0.0003
0.6620000600814819, 0.6380000114440918
===========================
Citeseer, 256, 0.1, 2, 0.001
0.7080000042915344, 0.706000030040741
===========================
Citeseer, 80, 0.3, 4, 0.001
0.7160000205039978, 0.6970000267028809
===========================
Citeseer, 256, 0.3, 18.2, 0.0003
0.6580000519752502, 0.6530000567436218
===========================
Citeseer, 384, 0.15, 10, 0.001
0.6800000071525574, 0.656000018119812
===========================
Citeseer, 80, 0.3, 6, 0.0001
0.6780000329017639, 0.6820000410079956
===========================
Citeseer, 256, 0.1, 4, 0.0001
0.6500000357627869, 0.6320000290870667
===========================
Citeseer, 80, 0.3, 6, 0.0003
0.6460000276565552, 0.6320000290870667
===========================
Citeseer, 512, 0.1, 10, 0.0001
0.6760000586509705, 0.6500000357627869
===========================
Citeseer, 256, 0.1, 4, 0.0003
0.7000000476837158, 0.6960000395774841
===========================
Citeseer, 80, 0.3, 6, 0.001
0.6760000586509705, 0.6660000085830688
===========================
Citeseer, 256, 0.1, 4, 0.001
0.6940000057220459, 0.6860000491142273
===========================
Citeseer, 256, 0.3, 18.2, 0.001
0.6740000247955322, 0.6620000600814819
===========================
Citeseer, 256, 0.1, 6, 0.0001
0.6640000343322754, 0.6710000038146973
===========================
Citeseer, 256, 0.35, 2, 0.0001
0.690000057220459, 0.6830000281333923
===========================
Citeseer, 256, 0.35, 2, 0.0003
0.706000030040741, 0.6940000057220459
===========================
Citeseer, 256, 0.1, 6, 0.0003
0.6860000491142273, 0.6820000410079956
===========================
Citeseer, 256, 0.35, 2, 0.001
0.6940000057220459, 0.687000036239624
===========================
Citeseer, 512, 0.1, 10, 0.0003
0.6940000057220459, 0.6960000395774841
===========================
Citeseer, 384, 0.15, 18.2, 0.0001
0.6680000424385071, 0.6340000033378601
===========================
Citeseer, 256, 0.35, 4, 0.0001
0.6800000071525574, 0.687000036239624
===========================
Citeseer, 256, 0.1, 6, 0.001
0.7200000286102295, 0.703000009059906
===========================
Citeseer, 256, 0.35, 4, 0.0003
0.6740000247955322, 0.6670000553131104
===========================
Citeseer, 256, 0.35, 4, 0.001
0.7040000557899475, 0.6920000314712524
===========================
Citeseer, 256, 0.1, 10, 0.0001
0.6600000262260437, 0.6420000195503235
===========================
Citeseer, 512, 0.1, 10, 0.001
0.6880000233650208, 0.6950000524520874
===========================
Citeseer, 256, 0.35, 6, 0.0001
0.6880000233650208, 0.6780000329017639
===========================
Citeseer, 256, 0.1, 10, 0.0003
0.690000057220459, 0.6730000376701355
===========================
Citeseer, 256, 0.35, 6, 0.0003
0.6800000071525574, 0.6820000410079956
===========================
Citeseer, 384, 0.15, 18.2, 0.0003
0.6800000071525574, 0.6520000100135803
===========================
Citeseer, 256, 0.35, 6, 0.001
0.6920000314712524, 0.6860000491142273
===========================
Citeseer, 256, 0.1, 10, 0.001
0.6740000247955322, 0.6720000505447388
===========================
Citeseer, 256, 0.35, 10, 0.0001
0.6180000305175781, 0.6040000319480896
===========================
Citeseer, 256, 0.35, 10, 0.0003
0.6780000329017639, 0.6830000281333923
===========================
Citeseer, 256, 0.1, 18.2, 0.0001
0.612000048160553, 0.6000000238418579
===========================
Citeseer, 384, 0.15, 18.2, 0.001
0.6860000491142273, 0.6710000038146973
===========================
Citeseer, 512, 0.1, 18.2, 0.0001
0.6100000143051147, 0.5990000367164612
===========================
Citeseer, 384, 0.25, 2, 0.0001
0.6840000152587891, 0.6700000166893005
===========================
Citeseer, 384, 0.25, 2, 0.0003
0.6940000057220459, 0.6660000085830688
===========================
Citeseer, 256, 0.35, 10, 0.001
0.6880000233650208, 0.6800000071525574
===========================
Citeseer, 384, 0.25, 2, 0.001
0.690000057220459, 0.6760000586509705
===========================
Citeseer, 256, 0.1, 18.2, 0.0003
0.656000018119812, 0.6450000405311584
===========================
Citeseer, 384, 0.25, 4, 0.0001
0.6700000166893005, 0.675000011920929
===========================
Citeseer, 384, 0.25, 4, 0.0003
0.6740000247955322, 0.6760000586509705
===========================
Citeseer, 256, 0.35, 18.2, 0.0001
0.5700000524520874, 0.5740000009536743
===========================
Citeseer, 384, 0.25, 4, 0.001
0.7120000123977661, 0.6740000247955322
===========================
Citeseer, 256, 0.1, 18.2, 0.001
0.7100000381469727, 0.6920000314712524
===========================
Citeseer, 512, 0.1, 18.2, 0.0003
0.6840000152587891, 0.6790000200271606
===========================
Citeseer, 256, 0.15, 2, 0.0001
0.6780000329017639, 0.6850000619888306
===========================
Citeseer, 256, 0.15, 2, 0.0003
0.6960000395774841, 0.6820000410079956
===========================
Citeseer, 384, 0.25, 6, 0.0001
0.6960000395774841, 0.6650000214576721
===========================
Citeseer, 256, 0.15, 2, 0.001
0.6940000057220459, 0.6980000138282776
===========================
Citeseer, 256, 0.35, 18.2, 0.0003
0.6700000166893005, 0.659000039100647
===========================
Citeseer, 256, 0.15, 4, 0.0001
0.690000057220459, 0.6850000619888306
===========================
Citeseer, 384, 0.25, 6, 0.0003
0.6880000233650208, 0.6680000424385071
===========================
Citeseer, 256, 0.15, 4, 0.0003
0.6940000057220459, 0.6650000214576721
===========================
Citeseer, 256, 0.15, 4, 0.001
0.7020000219345093, 0.7090000510215759
===========================
Citeseer, 384, 0.25, 6, 0.001
0.7140000462532043, 0.6960000395774841
===========================
Citeseer, 256, 0.35, 18.2, 0.001
0.6580000519752502, 0.6680000424385071
===========================
Citeseer, 256, 0.15, 6, 0.0001
0.6660000085830688, 0.6570000052452087
===========================
Citeseer, 256, 0.4, 2, 0.0001
0.6860000491142273, 0.6790000200271606
===========================
Citeseer, 256, 0.4, 2, 0.0003
0.7020000219345093, 0.6690000295639038
===========================
Citeseer, 256, 0.15, 6, 0.0003
0.7080000042915344, 0.6790000200271606
===========================
Citeseer, 256, 0.4, 2, 0.001
0.7020000219345093, 0.6860000491142273
===========================
Citeseer, 512, 0.1, 18.2, 0.001
0.6920000314712524, 0.6850000619888306
===========================
Citeseer, 256, 0.4, 4, 0.0001
0.6700000166893005, 0.6690000295639038
===========================
Citeseer, 384, 0.25, 10, 0.0001
0.6540000438690186, 0.6430000066757202
===========================
Citeseer, 256, 0.15, 6, 0.001
0.7120000123977661, 0.7020000219345093
===========================
Citeseer, 512, 0.15, 2, 0.0001
0.706000030040741, 0.7000000476837158
===========================
Citeseer, 256, 0.4, 4, 0.0003
0.6820000410079956, 0.6740000247955322
===========================
Citeseer, 512, 0.15, 2, 0.0003
0.7020000219345093, 0.7010000348091125
===========================
Citeseer, 256, 0.4, 4, 0.001
0.7100000381469727, 0.6920000314712524
===========================
Citeseer, 256, 0.15, 10, 0.0001
0.5740000009536743, 0.5680000185966492
===========================
Citeseer, 512, 0.15, 2, 0.001
0.7000000476837158, 0.6680000424385071
===========================
Citeseer, 384, 0.25, 10, 0.0003
0.6860000491142273, 0.6800000071525574
===========================
Citeseer, 256, 0.4, 6, 0.0001
0.6720000505447388, 0.6670000553131104
===========================
Citeseer, 80, 0.3, 10, 0.0001
0.6300000548362732, 0.6230000257492065
===========================
Citeseer, 512, 0.1, 2, 0.0001
0.6860000491142273, 0.6800000071525574
===========================
Citeseer, 256, 0.25, 6, 0.0001
0.6700000166893005, 0.6520000100135803
===========================
Citeseer, 384, 0.15, 4, 0.0001
0.6760000586509705, 0.6820000410079956
===========================
Citeseer, 80, 0.3, 10, 0.0003
0.6700000166893005, 0.6380000114440918
===========================
Citeseer, 512, 0.15, 4, 0.0001
0.690000057220459, 0.687000036239624
===========================
Citeseer, 256, 0.15, 10, 0.0003
0.6760000586509705, 0.6540000438690186
===========================
Citeseer, 256, 0.4, 6, 0.0003
0.7040000557899475, 0.687000036239624
===========================
Citeseer, 512, 0.1, 2, 0.0003
0.7080000042915344, 0.6960000395774841
===========================
Citeseer, 80, 0.3, 10, 0.001
0.6880000233650208, 0.6760000586509705
===========================
Citeseer, 256, 0.25, 6, 0.0003
0.6820000410079956, 0.6730000376701355
===========================
Citeseer, 384, 0.15, 4, 0.0003
0.6800000071525574, 0.6700000166893005
===========================
Citeseer, 512, 0.1, 2, 0.001
0.7000000476837158, 0.6700000166893005
===========================
Citeseer, 256, 0.4, 6, 0.001
0.7140000462532043, 0.6850000619888306
===========================
Citeseer, 512, 0.15, 4, 0.0003
0.7040000557899475, 0.6770000457763672
===========================
Citeseer, 80, 0.3, 18.2, 0.0001
0.6300000548362732, 0.6070000529289246
===========================
Citeseer, 384, 0.25, 10, 0.001
0.690000057220459, 0.6810000538825989
===========================
Citeseer, 256, 0.25, 6, 0.001
0.7000000476837158, 0.6910000443458557
===========================
Citeseer, 384, 0.15, 4, 0.001
0.7120000123977661, 0.6850000619888306
===========================
Citeseer, 512, 0.1, 4, 0.0001
0.7140000462532043, 0.7080000042915344
===========================
Citeseer, 80, 0.3, 18.2, 0.0003
0.6600000262260437, 0.6550000309944153
===========================
Citeseer, 512, 0.15, 4, 0.001
0.6960000395774841, 0.6690000295639038
===========================
Citeseer, 256, 0.4, 10, 0.0001
0.6540000438690186, 0.628000020980835
===========================
Citeseer, 384, 0.15, 6, 0.0001
0.6480000019073486, 0.6500000357627869
===========================
Citeseer, 256, 0.25, 10, 0.0001
0.6640000343322754, 0.6300000548362732
===========================
Citeseer, 80, 0.3, 18.2, 0.001
0.6600000262260437, 0.6640000343322754
===========================
Citeseer, 80, 0.35, 2, 0.0001
0.6780000329017639, 0.6710000038146973
===========================
Citeseer, 512, 0.1, 4, 0.0003
0.7080000042915344, 0.6850000619888306
===========================
Citeseer, 80, 0.35, 2, 0.0003
0.6800000071525574, 0.6720000505447388
===========================
Citeseer, 80, 0.35, 2, 0.001
0.6960000395774841, 0.6780000329017639
===========================
Citeseer, 80, 0.35, 4, 0.0001
0.6640000343322754, 0.6490000486373901
===========================
Citeseer, 256, 0.4, 10, 0.0003
0.6580000519752502, 0.6430000066757202
===========================
Citeseer, 512, 0.15, 6, 0.0001
0.6640000343322754, 0.6730000376701355
===========================
Citeseer, 80, 0.35, 4, 0.0003
0.6880000233650208, 0.6690000295639038
===========================
Citeseer, 384, 0.15, 6, 0.0003
0.6820000410079956, 0.6740000247955322
===========================
Citeseer, 256, 0.25, 10, 0.0003
0.6680000424385071, 0.6650000214576721
===========================
Citeseer, 80, 0.35, 4, 0.001
0.6920000314712524, 0.687000036239624
===========================
Citeseer, 512, 0.1, 4, 0.001
0.690000057220459, 0.6920000314712524
===========================
Citeseer, 80, 0.35, 6, 0.0001
0.6160000562667847, 0.6100000143051147
===========================
Citeseer, 384, 0.25, 18.2, 0.0001
0.6300000548362732, 0.6500000357627869
===========================
Citeseer, 80, 0.35, 6, 0.0003
0.6640000343322754, 0.6370000243186951
===========================
Citeseer, 256, 0.4, 10, 0.001
0.6940000057220459, 0.6840000152587891
===========================
Citeseer, 80, 0.35, 6, 0.001
0.7000000476837158, 0.6840000152587891
===========================
Citeseer, 384, 0.15, 6, 0.001
0.7000000476837158, 0.6850000619888306
===========================
Citeseer, 256, 0.25, 10, 0.001
0.6920000314712524, 0.690000057220459
===========================
Citeseer, 512, 0.15, 6, 0.0003
0.6860000491142273, 0.6490000486373901
===========================
Citeseer, 80, 0.35, 10, 0.0001
0.6760000586509705, 0.6620000600814819
===========================
Citeseer, 512, 0.1, 6, 0.0001
0.6640000343322754, 0.6670000553131104
===========================
Citeseer, 80, 0.35, 10, 0.0003
0.6720000505447388, 0.6600000262260437
===========================
Citeseer, 80, 0.35, 10, 0.001
0.6760000586509705, 0.6690000295639038
===========================
Citeseer, 512, 0.15, 6, 0.001
0.6880000233650208, 0.6930000185966492
===========================
Citeseer, 384, 0.15, 10, 0.0001
0.6680000424385071, 0.6510000228881836
===========================
Citeseer, 256, 0.4, 18.2, 0.0001
0.5420000553131104, 0.5430000424385071
===========================
Citeseer, 512, 0.1, 6, 0.0003
0.6940000057220459, 0.6940000057220459
===========================
Citeseer, 80, 0.35, 18.2, 0.0001
0.7100000381469727, 0.6940000057220459
===========================
Citeseer, 256, 0.25, 18.2, 0.0001
0.5440000295639038, 0.5530000329017639
===========================
Citeseer, 80, 0.35, 18.2, 0.0003
0.6520000100135803, 0.6210000514984131
===========================
Citeseer, 384, 0.25, 18.2, 0.0003
0.6760000586509705, 0.6650000214576721
===========================
Citeseer, 512, 0.1, 6, 0.001
0.690000057220459, 0.6690000295639038
===========================
Citeseer, 80, 0.35, 18.2, 0.001
0.6840000152587891, 0.6610000133514404
===========================
Citeseer, 384, 0.15, 10, 0.0003
0.6780000329017639, 0.6630000472068787
===========================
Citeseer, 80, 0.4, 2, 0.0001
0.6540000438690186, 0.6380000114440918
===========================
Citeseer, 80, 0.4, 2, 0.0003
0.6920000314712524, 0.6670000553131104
===========================
Citeseer, 80, 0.4, 2, 0.001
0.7020000219345093, 0.6950000524520874
===========================
Citeseer, 512, 0.15, 10, 0.0001
0.6860000491142273, 0.6920000314712524
===========================
Citeseer, 80, 0.4, 4, 0.0001
0.6580000519752502, 0.6490000486373901
===========================
Citeseer, 256, 0.25, 18.2, 0.0003
0.6700000166893005, 0.6630000472068787
===========================
Citeseer, 80, 0.4, 4, 0.0003
0.706000030040741, 0.687000036239624
===========================
Citeseer, 80, 0.4, 4, 0.001
0.7080000042915344, 0.6980000138282776
===========================
Citeseer, 80, 0.4, 6, 0.0001
0.6340000033378601, 0.6270000338554382
===========================
Citeseer, 384, 0.15, 10, 0.001
0.6840000152587891, 0.6630000472068787
===========================
Citeseer, 80, 0.4, 6, 0.0003
0.6940000057220459, 0.6730000376701355
===========================
Citeseer, 80, 0.4, 6, 0.001
0.7020000219345093, 0.6860000491142273
===========================
Citeseer, 512, 0.1, 10, 0.0001
0.6780000329017639, 0.6760000586509705
===========================
Citeseer, 384, 0.25, 18.2, 0.001
0.6960000395774841, 0.690000057220459
===========================
Citeseer, 80, 0.4, 10, 0.0001
0.6720000505447388, 0.6600000262260437
===========================
Citeseer, 512, 0.15, 10, 0.0003
0.6840000152587891, 0.6730000376701355
===========================
Citeseer, 384, 0.3, 2, 0.0001
0.7020000219345093, 0.675000011920929
===========================
Citeseer, 256, 0.25, 18.2, 0.001
0.6660000085830688, 0.6510000228881836
===========================
Citeseer, 80, 0.4, 10, 0.0003
0.7000000476837158, 0.6840000152587891
===========================
Citeseer, 256, 0.3, 2, 0.0001
0.6760000586509705, 0.6760000586509705
===========================
Citeseer, 384, 0.3, 2, 0.0003
0.6840000152587891, 0.6670000553131104
===========================
Citeseer, 80, 0.4, 10, 0.001
0.7140000462532043, 0.6910000443458557
===========================
Citeseer, 256, 0.3, 2, 0.0003
0.7120000123977661, 0.6950000524520874
===========================
Citeseer, 384, 0.3, 2, 0.001
0.706000030040741, 0.6800000071525574
===========================
Citeseer, 256, 0.3, 2, 0.001
0.6960000395774841, 0.6850000619888306
===========================
Citeseer, 80, 0.4, 18.2, 0.0001
0.6740000247955322, 0.6670000553131104
===========================
Citeseer, 256, 0.3, 4, 0.0001
0.6660000085830688, 0.6530000567436218
===========================
Citeseer, 384, 0.3, 4, 0.0001
0.6760000586509705, 0.6710000038146973
===========================
Citeseer, 512, 0.1, 10, 0.0003
0.6960000395774841, 0.6970000267028809
===========================
Citeseer, 80, 0.4, 18.2, 0.0003
0.6140000224113464, 0.6050000190734863
===========================
Citeseer, 384, 0.15, 18.2, 0.0001
0.6620000600814819, 0.6460000276565552
===========================
Citeseer, 256, 0.3, 4, 0.0003
0.6860000491142273, 0.6850000619888306
===========================
Citeseer, 512, 0.15, 10, 0.001
0.6980000138282776, 0.6880000233650208
===========================
Citeseer, 384, 0.3, 4, 0.0003
0.7100000381469727, 0.687000036239624
===========================
Citeseer, 256, 0.3, 4, 0.001
0.718000054359436, 0.7000000476837158
===========================
Citeseer, 80, 0.4, 18.2, 0.001
0.6760000586509705, 0.6690000295639038
===========================
Citeseer, 256, 0.05, 2, 0.0001
0.7000000476837158, 0.690000057220459
===========================
Citeseer, 384, 0.3, 4, 0.001
0.6960000395774841, 0.6970000267028809
===========================
Citeseer, 256, 0.05, 2, 0.0003
0.6960000395774841, 0.6650000214576721
===========================
Citeseer, 256, 0.3, 6, 0.0001
0.6840000152587891, 0.6540000438690186
===========================
Citeseer, 256, 0.05, 2, 0.001
0.7260000109672546, 0.7090000510215759
===========================
Citeseer, 512, 0.1, 10, 0.001
0.7000000476837158, 0.7010000348091125
===========================
Citeseer, 256, 0.3, 6, 0.0003
0.6700000166893005, 0.6840000152587891
===========================
Citeseer, 256, 0.05, 4, 0.0001
0.6880000233650208, 0.64000004529953
===========================
Citeseer, 384, 0.3, 6, 0.0001
0.6660000085830688, 0.6550000309944153
===========================
Citeseer, 256, 0.05, 4, 0.0003
0.690000057220459, 0.6720000505447388
===========================
Citeseer, 256, 0.3, 6, 0.001
0.7040000557899475, 0.6830000281333923
===========================
Citeseer, 384, 0.15, 18.2, 0.0003
0.6780000329017639, 0.6610000133514404
===========================
Citeseer, 256, 0.05, 4, 0.001
0.6980000138282776, 0.6840000152587891
===========================
Citeseer, 384, 0.3, 6, 0.0003
0.6920000314712524, 0.6790000200271606
===========================
Citeseer, 256, 0.05, 6, 0.0001
0.6760000586509705, 0.6610000133514404
===========================
Citeseer, 256, 0.3, 10, 0.0001
0.656000018119812, 0.6350000500679016
===========================
Citeseer, 512, 0.15, 18.2, 0.0001
0.5980000495910645, 0.597000002861023
===========================
Citeseer, 384, 0.3, 6, 0.001
0.6940000057220459, 0.6920000314712524
===========================
Citeseer, 256, 0.05, 6, 0.0003
0.6980000138282776, 0.6770000457763672
===========================
Citeseer, 256, 0.3, 10, 0.0003
0.6760000586509705, 0.6710000038146973
===========================
Citeseer, 256, 0.05, 6, 0.001
0.690000057220459, 0.6830000281333923
===========================
Citeseer, 384, 0.15, 18.2, 0.001
0.6840000152587891, 0.6730000376701355
===========================
Citeseer, 512, 0.1, 18.2, 0.0001
0.6160000562667847, 0.5960000157356262
===========================
Citeseer, 384, 0.3, 10, 0.0001
0.6660000085830688, 0.6360000371932983
===========================
Citeseer, 256, 0.3, 10, 0.001
0.6940000057220459, 0.6930000185966492
===========================
Citeseer, 384, 0.25, 2, 0.0001
0.6800000071525574, 0.6660000085830688
===========================
Citeseer, 256, 0.05, 10, 0.0001
0.6520000100135803, 0.6360000371932983
===========================
Citeseer, 384, 0.25, 2, 0.0003
0.6860000491142273, 0.6710000038146973
===========================
Citeseer, 384, 0.25, 2, 0.001
0.6920000314712524, 0.6850000619888306
===========================
Citeseer, 256, 0.05, 10, 0.0003
0.6540000438690186, 0.6510000228881836
===========================
Citeseer, 384, 0.25, 4, 0.0001
0.6700000166893005, 0.6630000472068787
===========================
Citeseer, 256, 0.3, 18.2, 0.0001
0.5400000214576721, 0.5610000491142273
===========================
Citeseer, 384, 0.25, 4, 0.0003
0.6800000071525574, 0.6820000410079956
===========================
Citeseer, 256, 0.05, 10, 0.001
0.706000030040741, 0.6710000038146973
===========================
Citeseer, 384, 0.25, 4, 0.001
0.7020000219345093, 0.6800000071525574
===========================
Citeseer, 512, 0.1, 18.2, 0.0003
0.6860000491142273, 0.6760000586509705
===========================
Citeseer, 256, 0.3, 18.2, 0.0003
0.6740000247955322, 0.6680000424385071
===========================
Citeseer, 384, 0.25, 6, 0.0001
0.6940000057220459, 0.6640000343322754
===========================
Citeseer, 256, 0.05, 18.2, 0.0001
0.6140000224113464, 0.6170000433921814
===========================
Citeseer, 384, 0.25, 6, 0.0003
0.6760000586509705, 0.6420000195503235
===========================
Citeseer, 256, 0.3, 18.2, 0.001
0.6720000505447388, 0.6670000553131104
===========================
Citeseer, 256, 0.35, 2, 0.0001
0.6820000410079956, 0.6820000410079956
===========================
Citeseer, 384, 0.25, 6, 0.001
0.7080000042915344, 0.6990000605583191
===========================
Citeseer, 256, 0.05, 18.2, 0.0003
0.6720000505447388, 0.659000039100647
===========================
Citeseer, 256, 0.35, 2, 0.0003
0.706000030040741, 0.6920000314712524
===========================
Citeseer, 256, 0.35, 2, 0.001
0.706000030040741, 0.687000036239624
===========================
Citeseer, 256, 0.35, 4, 0.0001
0.6740000247955322, 0.6700000166893005
===========================
Citeseer, 512, 0.1, 18.2, 0.001
0.6820000410079956, 0.6880000233650208
===========================
Citeseer, 256, 0.35, 4, 0.0003
0.6760000586509705, 0.6620000600814819
===========================
Citeseer, 384, 0.25, 10, 0.0001
0.6620000600814819, 0.6600000262260437
===========================
Citeseer, 512, 0.15, 2, 0.0001
0.7140000462532043, 0.7020000219345093
===========================
Citeseer, 256, 0.05, 18.2, 0.001
0.6800000071525574, 0.6630000472068787
===========================
Citeseer, 256, 0.35, 4, 0.001
0.7080000042915344, 0.6910000443458557
===========================
Citeseer, 512, 0.15, 2, 0.0003
0.706000030040741, 0.6890000104904175
===========================
Citeseer, 256, 0.1, 2, 0.0001
0.7040000557899475, 0.6930000185966492
===========================
Citeseer, 256, 0.1, 2, 0.0003
0.7020000219345093, 0.6810000538825989
===========================
Citeseer, 512, 0.15, 2, 0.001
0.690000057220459, 0.6800000071525574
===========================
Citeseer, 256, 0.35, 6, 0.0001
0.6740000247955322, 0.6640000343322754
===========================
Citeseer, 256, 0.1, 2, 0.001
0.7160000205039978, 0.6890000104904175
===========================
Citeseer, 384, 0.25, 10, 0.0003
0.6920000314712524, 0.6910000443458557
===========================
Citeseer, 256, 0.1, 4, 0.0001
0.6480000019073486, 0.6470000147819519
===========================
Citeseer, 256, 0.35, 6, 0.0003
0.6740000247955322, 0.6530000567436218
===========================
Citeseer, 512, 0.15, 4, 0.0001
0.6920000314712524, 0.6980000138282776
===========================
Citeseer, 256, 0.1, 4, 0.0003
0.6940000057220459, 0.6810000538825989
===========================
Citeseer, 256, 0.35, 6, 0.001
0.6920000314712524, 0.6780000329017639
===========================
Citeseer, 256, 0.1, 4, 0.001
0.6960000395774841, 0.690000057220459
===========================
Citeseer, 512, 0.15, 4, 0.0003
0.7040000557899475, 0.6980000138282776
===========================
Citeseer, 384, 0.25, 10, 0.001
0.7020000219345093, 0.6790000200271606
===========================
Citeseer, 256, 0.1, 6, 0.0001
0.6600000262260437, 0.6660000085830688
===========================
Citeseer, 256, 0.35, 10, 0.0001
0.6320000290870667, 0.6240000128746033
===========================
Citeseer, 512, 0.15, 4, 0.001
0.7040000557899475, 0.690000057220459
===========================
Citeseer, 256, 0.1, 6, 0.0003
0.6880000233650208, 0.6690000295639038
===========================
Citeseer, 256, 0.35, 10, 0.0003
0.6780000329017639, 0.6810000538825989
===========================
Citeseer, 256, 0.1, 6, 0.001
0.7140000462532043, 0.7000000476837158
===========================
Citeseer, 512, 0.15, 6, 0.0001
0.6620000600814819, 0.6620000600814819
===========================
Citeseer, 256, 0.35, 10, 0.001
0.6860000491142273, 0.6810000538825989
===========================
Citeseer, 256, 0.1, 10, 0.0001
0.6580000519752502, 0.6390000581741333
===========================
Citeseer, 384, 0.25, 18.2, 0.0001
0.6580000519752502, 0.6730000376701355
===========================
Citeseer, 512, 0.15, 6, 0.0003
0.6880000233650208, 0.6810000538825989
===========================
Citeseer, 256, 0.1, 10, 0.0003
0.6860000491142273, 0.675000011920929
===========================
Citeseer, 256, 0.35, 18.2, 0.0001
0.5700000524520874, 0.5900000333786011
===========================
Citeseer, 512, 0.15, 6, 0.001
0.6980000138282776, 0.6820000410079956
===========================
Citeseer, 256, 0.1, 10, 0.001
0.6740000247955322, 0.6570000052452087
===========================
Citeseer, 384, 0.25, 18.2, 0.0003
0.6740000247955322, 0.6570000052452087
===========================
Citeseer, 256, 0.35, 18.2, 0.0003
0.6980000138282776, 0.6810000538825989
===========================
Citeseer, 512, 0.15, 10, 0.0001
0.6820000410079956, 0.6940000057220459
===========================
Citeseer, 256, 0.1, 18.2, 0.0001
0.6080000400543213, 0.5920000076293945
===========================
Citeseer, 256, 0.35, 18.2, 0.001
0.6640000343322754, 0.6480000019073486
===========================
Citeseer, 256, 0.4, 2, 0.0001
0.6780000329017639, 0.6710000038146973
===========================
Citeseer, 384, 0.25, 18.2, 0.001
0.706000030040741, 0.6830000281333923
===========================
Citeseer, 256, 0.1, 18.2, 0.0003
0.6580000519752502, 0.6480000019073486
===========================
Citeseer, 512, 0.15, 10, 0.0003
0.6820000410079956, 0.6610000133514404
===========================
Citeseer, 256, 0.4, 2, 0.0003
0.7140000462532043, 0.6860000491142273
===========================
Citeseer, 384, 0.3, 2, 0.0001
0.7080000042915344, 0.6960000395774841
===========================
Citeseer, 256, 0.4, 2, 0.001
0.7020000219345093, 0.6890000104904175
===========================
Citeseer, 384, 0.3, 2, 0.0003
0.690000057220459, 0.6810000538825989
===========================
Citeseer, 256, 0.4, 4, 0.0001
0.6720000505447388, 0.6620000600814819
===========================
Citeseer, 384, 0.3, 2, 0.001
0.7080000042915344, 0.687000036239624
===========================
Citeseer, 256, 0.4, 4, 0.0003
0.6880000233650208, 0.6660000085830688
===========================
Citeseer, 256, 0.1, 18.2, 0.001
0.7080000042915344, 0.6950000524520874
===========================
Citeseer, 384, 0.3, 4, 0.0001
0.6800000071525574, 0.6660000085830688
===========================
Citeseer, 256, 0.4, 4, 0.001
0.6960000395774841, 0.6910000443458557
===========================
Citeseer, 256, 0.15, 2, 0.0001
0.6760000586509705, 0.6780000329017639
===========================
Citeseer, 512, 0.15, 10, 0.001
0.7080000042915344, 0.7000000476837158
===========================
Citeseer, 256, 0.15, 2, 0.0003
0.7080000042915344, 0.690000057220459
===========================
Citeseer, 384, 0.3, 4, 0.0003
0.7040000557899475, 0.6810000538825989
===========================
Citeseer, 256, 0.4, 6, 0.0001
0.6760000586509705, 0.6550000309944153
===========================
Citeseer, 256, 0.15, 2, 0.001
0.6840000152587891, 0.6600000262260437
===========================
Citeseer, 256, 0.15, 4, 0.0001
0.6820000410079956, 0.6730000376701355
===========================
Citeseer, 384, 0.3, 4, 0.001
0.7000000476837158, 0.6970000267028809
===========================
Citeseer, 256, 0.4, 6, 0.0003
0.6840000152587891, 0.6720000505447388
===========================
Citeseer, 256, 0.15, 4, 0.0003
0.6940000057220459, 0.6840000152587891
===========================
Citeseer, 256, 0.4, 6, 0.001
0.7160000205039978, 0.6840000152587891
===========================
Citeseer, 256, 0.15, 4, 0.001
0.7020000219345093, 0.6920000314712524
===========================
Citeseer, 384, 0.3, 6, 0.0001
0.6740000247955322, 0.6630000472068787
===========================
Citeseer, 256, 0.15, 6, 0.0001
0.6800000071525574, 0.6830000281333923
===========================
Citeseer, 256, 0.4, 10, 0.0001
0.6840000152587891, 0.6530000567436218
===========================
Citeseer, 384, 0.3, 6, 0.0003
0.6920000314712524, 0.6770000457763672
===========================
Citeseer, 256, 0.15, 6, 0.0003
0.6980000138282776, 0.6790000200271606
===========================
Citeseer, 512, 0.15, 18.2, 0.0001
0.5920000076293945, 0.5870000123977661
===========================
Citeseer, 256, 0.4, 10, 0.0003
0.6520000100135803, 0.6410000324249268
===========================
Citeseer, 384, 0.3, 6, 0.001
0.6920000314712524, 0.6890000104904175
===========================
Citeseer, 256, 0.15, 6, 0.001
0.7220000624656677, 0.7120000123977661
===========================
Citeseer, 256, 0.4, 10, 0.001
0.6920000314712524, 0.6700000166893005
===========================
Citeseer, 256, 0.15, 10, 0.0001
0.578000009059906, 0.5649999976158142
===========================
Citeseer, 384, 0.3, 10, 0.0001
0.656000018119812, 0.6300000548362732
===========================
Citeseer, 256, 0.15, 10, 0.0003
0.6740000247955322, 0.6650000214576721
===========================
Citeseer, 256, 0.4, 18.2, 0.0001
0.5320000052452087, 0.5520000457763672
===========================
