256, 0.4, 18.2, 0.0003
0.7940000295639038, 0.800000011920929
===========================
Cora, 64, 0.05, 2, 0.0001
0.7760000228881836, 0.7980000376701355
===========================
Cora, 64, 0.05, 2, 0.0003
0.8040000200271606, 0.7860000133514404
===========================
Cora, 64, 0.05, 2, 0.001
0.8020000457763672, 0.7820000648498535
===========================
384, 0.25, 18.2, 0.0003
0.7920000553131104, 0.8010000586509705
===========================
Cora, 64, 0.05, 2, 0.0001
0.7720000147819519, 0.7870000600814819
===========================
Cora, 64, 0.05, 2, 0.0003
0.8060000538825989, 0.7910000085830688
===========================
Cora, 64, 0.05, 2, 0.001
0.7940000295639038, 0.7970000505447388
===========================
Cora, 80, 0.3, 10, 0.0001
0.7320000529289246, 0.7360000610351562
===========================
Cora, 64, 0.05, 4, 0.0001
0.784000039100647, 0.7790000438690186
===========================
Cora, 512, 0.1, 2, 0.0001
0.796000063419342, 0.7890000343322754
===========================
Cora, 64, 0.35, 18.2, 0.0001
0.6320000290870667, 0.6350000500679016
===========================
Cora, 64, 0.05, 4, 0.0003
0.7940000295639038, 0.7870000600814819
===========================
Cora, 256, 0.25, 6, 0.0001
0.7780000567436218, 0.7730000615119934
===========================
Cora, 384, 0.15, 4, 0.0001
0.8020000457763672, 0.7950000166893005
===========================
Cora, 80, 0.3, 10, 0.0003
0.7800000309944153, 0.7700000405311584
===========================
Cora, 64, 0.05, 4, 0.001
0.800000011920929, 0.8100000619888306
===========================
Cora, 64, 0.05, 6, 0.0001
0.7100000381469727, 0.7170000076293945
===========================
Cora, 512, 0.1, 2, 0.0003
0.8180000185966492, 0.8170000314712524
===========================
Citeseer, 64, 0.05, 2, 0.0001
0.6800000071525574, 0.6530000567436218
===========================
Cora, 80, 0.3, 10, 0.001
0.7980000376701355, 0.8010000586509705
===========================
Cora, 64, 0.35, 18.2, 0.0003
0.7620000243186951, 0.7700000405311584
===========================
Citeseer, 64, 0.05, 2, 0.0003
0.7020000219345093, 0.6860000491142273
===========================
Cora, 64, 0.05, 6, 0.0003
0.796000063419342, 0.7930000424385071
===========================
Cora, 256, 0.25, 6, 0.0003
0.7940000295639038, 0.7940000295639038
===========================
Citeseer, 64, 0.05, 2, 0.001
0.6700000166893005, 0.6680000424385071
===========================
Cora, 384, 0.15, 4, 0.0003
0.8140000104904175, 0.812000036239624
===========================
Cora, 64, 0.05, 6, 0.001
0.8040000200271606, 0.8020000457763672
===========================
Cora, 512, 0.1, 2, 0.001
0.8100000619888306, 0.8090000152587891
===========================
Citeseer, 64, 0.05, 4, 0.0001
0.7240000367164612, 0.6840000152587891
===========================
Citeseer, 64, 0.05, 4, 0.0003
0.7000000476837158, 0.675000011920929
===========================
Cora, 64, 0.35, 18.2, 0.001
0.7980000376701355, 0.7930000424385071
===========================
Cora, 80, 0.3, 18.2, 0.0001
0.5980000495910645, 0.6020000576972961
===========================
Cora, 64, 0.05, 10, 0.0001
0.6880000233650208, 0.6840000152587891
===========================
Cora, 64, 0.4, 2, 0.0001
0.7800000309944153, 0.7780000567436218
===========================
Cora, 256, 0.25, 6, 0.001
0.7980000376701355, 0.8090000152587891
===========================
Citeseer, 64, 0.05, 4, 0.001
0.7100000381469727, 0.6820000410079956
===========================
Cora, 64, 0.4, 2, 0.0003
0.7880000472068787, 0.7710000276565552
===========================
Cora, 64, 0.4, 2, 0.001
0.812000036239624, 0.7920000553131104
===========================
Cora, 384, 0.15, 4, 0.001
0.7980000376701355, 0.796000063419342
===========================
Cora, 64, 0.05, 10, 0.0003
0.8060000538825989, 0.8030000329017639
===========================
Citeseer, 64, 0.05, 6, 0.0001
0.6800000071525574, 0.659000039100647
===========================
Cora, 64, 0.4, 4, 0.0001
0.7620000243186951, 0.7620000243186951
===========================
Cora, 64, 0.4, 4, 0.0003
0.8040000200271606, 0.7910000085830688
===========================
Citeseer, 64, 0.05, 6, 0.0003
0.6880000233650208, 0.6710000038146973
===========================
Cora, 80, 0.3, 18.2, 0.0003
0.7860000133514404, 0.781000018119812
===========================
Cora, 64, 0.05, 10, 0.001
0.8060000538825989, 0.7970000505447388
===========================
Cora, 512, 0.1, 4, 0.0001
0.8080000281333923, 0.8030000329017639
===========================
Cora, 64, 0.4, 4, 0.001
0.8060000538825989, 0.8070000410079956
===========================
Citeseer, 64, 0.05, 6, 0.001
0.6920000314712524, 0.6790000200271606
===========================
Cora, 64, 0.4, 6, 0.0001
0.7040000557899475, 0.7120000123977661
===========================
Citeseer, 64, 0.05, 10, 0.0001
0.6600000262260437, 0.6440000534057617
===========================
Cora, 64, 0.4, 6, 0.0003
0.796000063419342, 0.7910000085830688
===========================
Cora, 256, 0.25, 10, 0.0001
0.7720000147819519, 0.7890000343322754
===========================
Cora, 64, 0.05, 18.2, 0.0001
0.6460000276565552, 0.6680000424385071
===========================
Cora, 80, 0.3, 18.2, 0.001
0.8060000538825989, 0.8020000457763672
===========================
Cora, 384, 0.15, 6, 0.0001
0.7780000567436218, 0.7660000324249268
===========================
Cora, 64, 0.4, 6, 0.001
0.7940000295639038, 0.796000063419342
===========================
Cora, 80, 0.35, 2, 0.0001
0.7900000214576721, 0.7790000438690186
===========================
Cora, 80, 0.35, 2, 0.0003
0.784000039100647, 0.7890000343322754
===========================
Citeseer, 64, 0.05, 10, 0.0003
0.6660000085830688, 0.6360000371932983
===========================
Cora, 512, 0.1, 4, 0.0003
0.8160000443458557, 0.7970000505447388
===========================
Cora, 80, 0.35, 2, 0.001
0.7980000376701355, 0.7910000085830688
===========================
Cora, 64, 0.4, 10, 0.0001
0.6600000262260437, 0.6820000410079956
===========================
Cora, 80, 0.35, 4, 0.0001
0.7780000567436218, 0.7750000357627869
===========================
Citeseer, 64, 0.05, 10, 0.001
0.6860000491142273, 0.6730000376701355
===========================
Cora, 64, 0.05, 18.2, 0.0003
0.8040000200271606, 0.8160000443458557
===========================
Cora, 80, 0.35, 4, 0.0003
0.8020000457763672, 0.7790000438690186
===========================
Cora, 64, 0.4, 10, 0.0003
0.7980000376701355, 0.8030000329017639
===========================
Cora, 80, 0.35, 4, 0.001
0.8020000457763672, 0.8060000538825989
===========================
Cora, 256, 0.25, 10, 0.0003
0.784000039100647, 0.7980000376701355
===========================
Cora, 384, 0.15, 6, 0.0003
0.796000063419342, 0.781000018119812
===========================
Cora, 64, 0.4, 10, 0.001
0.8060000538825989, 0.800000011920929
===========================
Cora, 80, 0.35, 6, 0.0001
0.784000039100647, 0.7880000472068787
===========================
Citeseer, 64, 0.05, 18.2, 0.0001
0.5840000510215759, 0.5850000381469727
===========================
Cora, 64, 0.05, 18.2, 0.001
0.8020000457763672, 0.8080000281333923
===========================
Cora, 512, 0.1, 4, 0.001
0.8060000538825989, 0.7970000505447388
===========================
Cora, 64, 0.1, 2, 0.0001
0.7540000081062317, 0.7430000305175781
===========================
Cora, 64, 0.1, 2, 0.0003
0.800000011920929, 0.7910000085830688
===========================
Cora, 80, 0.35, 6, 0.0003
0.784000039100647, 0.7790000438690186
===========================
Cora, 64, 0.1, 2, 0.001
0.8020000457763672, 0.7930000424385071
===========================
Cora, 80, 0.35, 6, 0.001
0.8060000538825989, 0.8190000653266907
===========================
Cora, 64, 0.1, 4, 0.0001
0.7900000214576721, 0.7890000343322754
===========================
Citeseer, 64, 0.05, 18.2, 0.0003
0.6640000343322754, 0.6880000233650208
===========================
Cora, 64, 0.4, 18.2, 0.0001
0.6380000114440918, 0.6260000467300415
===========================
Cora, 64, 0.1, 4, 0.0003
0.8060000538825989, 0.8030000329017639
===========================
Cora, 256, 0.25, 10, 0.001
0.8060000538825989, 0.8100000619888306
===========================
Cora, 64, 0.1, 4, 0.001
0.7980000376701355, 0.7950000166893005
===========================
Cora, 80, 0.35, 10, 0.0001
0.6720000505447388, 0.7020000219345093
===========================
Cora, 384, 0.15, 6, 0.001
0.8040000200271606, 0.7980000376701355
===========================
Cora, 64, 0.1, 6, 0.0001
0.7140000462532043, 0.7430000305175781
===========================
Citeseer, 64, 0.05, 18.2, 0.001
0.7000000476837158, 0.6910000443458557
===========================
Cora, 64, 0.4, 18.2, 0.0003
0.7780000567436218, 0.7830000519752502
===========================
Cora, 80, 0.35, 10, 0.0003
0.7920000553131104, 0.8020000457763672
===========================
Citeseer, 64, 0.1, 2, 0.0001
0.6540000438690186, 0.609000027179718
===========================
Cora, 64, 0.1, 6, 0.0003
0.7860000133514404, 0.7730000615119934
===========================
Citeseer, 64, 0.1, 2, 0.0003
0.7080000042915344, 0.6950000524520874
===========================
Cora, 512, 0.1, 6, 0.0001
0.7860000133514404, 0.7760000228881836
===========================
Cora, 64, 0.1, 6, 0.001
0.796000063419342, 0.7860000133514404
===========================
Citeseer, 64, 0.1, 2, 0.001
0.6860000491142273, 0.690000057220459
===========================
Cora, 80, 0.35, 10, 0.001
0.8040000200271606, 0.7970000505447388
===========================
Citeseer, 64, 0.1, 4, 0.0001
0.6480000019073486, 0.612000048160553
===========================
Cora, 64, 0.4, 18.2, 0.001
0.7980000376701355, 0.7970000505447388
===========================
Cora, 64, 0.1, 10, 0.0001
0.718000054359436, 0.7130000591278076
===========================
Cora, 80, 0.05, 2, 0.0001
0.7780000567436218, 0.7850000262260437
===========================
Citeseer, 64, 0.1, 4, 0.0003
0.6980000138282776, 0.6790000200271606
===========================
Cora, 80, 0.05, 2, 0.0003
0.800000011920929, 0.815000057220459
===========================
Cora, 80, 0.05, 2, 0.001
0.800000011920929, 0.781000018119812
===========================
Citeseer, 64, 0.1, 4, 0.001
0.7020000219345093, 0.6850000619888306
===========================
Cora, 64, 0.1, 10, 0.0003
0.7860000133514404, 0.7680000066757202
===========================
Cora, 80, 0.05, 4, 0.0001
0.7640000581741333, 0.7710000276565552
===========================
Cora, 80, 0.35, 18.2, 0.0001
0.6700000166893005, 0.7130000591278076
===========================
Citeseer, 64, 0.1, 6, 0.0001
0.6300000548362732, 0.6230000257492065
===========================
Cora, 80, 0.05, 4, 0.0003
0.800000011920929, 0.796000063419342
===========================
Cora, 64, 0.1, 10, 0.001
0.7920000553131104, 0.7890000343322754
===========================
Cora, 384, 0.15, 10, 0.0001
0.7540000081062317, 0.7580000162124634
===========================
Citeseer, 64, 0.1, 6, 0.0003
0.7040000557899475, 0.6730000376701355
===========================
Cora, 80, 0.05, 4, 0.001
0.8040000200271606, 0.7890000343322754
===========================
Cora, 256, 0.25, 18.2, 0.0001
0.5760000348091125, 0.5990000367164612
===========================
Citeseer, 64, 0.1, 6, 0.001
0.6940000057220459, 0.6850000619888306
===========================
Cora, 512, 0.1, 6, 0.0003
0.7980000376701355, 0.7940000295639038
===========================
Cora, 80, 0.05, 6, 0.0001
0.7380000352859497, 0.7310000061988831
===========================
Cora, 80, 0.35, 18.2, 0.0003
0.7700000405311584, 0.7720000147819519
===========================
Cora, 64, 0.1, 18.2, 0.0001
0.6880000233650208, 0.7130000591278076
===========================
Cora, 80, 0.05, 6, 0.0003
0.7980000376701355, 0.7900000214576721
===========================
Citeseer, 64, 0.1, 10, 0.0001
0.7220000624656677, 0.7110000252723694
===========================
Cora, 80, 0.05, 6, 0.001
0.800000011920929, 0.7860000133514404
===========================
Citeseer, 64, 0.1, 10, 0.0003
0.6820000410079956, 0.6820000410079956
===========================
Cora, 80, 0.35, 18.2, 0.001
0.796000063419342, 0.800000011920929
===========================
Cora, 64, 0.1, 18.2, 0.0003
0.7780000567436218, 0.7830000519752502
===========================
Cora, 80, 0.4, 2, 0.0001
0.8040000200271606, 0.8060000538825989
===========================
Cora, 80, 0.05, 10, 0.0001
0.7640000581741333, 0.8060000538825989
===========================
Cora, 80, 0.4, 2, 0.0003
0.8080000281333923, 0.8060000538825989
===========================
Citeseer, 64, 0.1, 10, 0.001
0.6860000491142273, 0.6630000472068787
===========================
Cora, 80, 0.4, 2, 0.001
0.7980000376701355, 0.8050000667572021
===========================
Cora, 80, 0.4, 4, 0.0001
0.7900000214576721, 0.7900000214576721
===========================
Cora, 512, 0.1, 6, 0.001
0.8040000200271606, 0.8030000329017639
===========================
Cora, 80, 0.05, 10, 0.0003
0.7700000405311584, 0.7800000309944153
===========================
Cora, 384, 0.15, 10, 0.0003
0.7940000295639038, 0.8030000329017639
===========================
Cora, 64, 0.1, 18.2, 0.001
0.8040000200271606, 0.796000063419342
===========================
Cora, 80, 0.4, 4, 0.0003
0.7720000147819519, 0.7620000243186951
===========================
Cora, 64, 0.15, 2, 0.0001
0.7880000472068787, 0.7760000228881836
===========================
Citeseer, 64, 0.1, 18.2, 0.0001
0.628000020980835, 0.6000000238418579
===========================
Cora, 80, 0.4, 4, 0.001
0.8080000281333923, 0.8190000653266907
===========================
Cora, 64, 0.15, 2, 0.0003
0.8020000457763672, 0.7830000519752502
===========================
Cora, 80, 0.05, 10, 0.001
0.7980000376701355, 0.7780000567436218
===========================
Cora, 64, 0.15, 2, 0.001
0.8020000457763672, 0.7920000553131104
===========================
Cora, 256, 0.25, 18.2, 0.0003
0.7800000309944153, 0.7890000343322754
===========================
Cora, 80, 0.4, 6, 0.0001
0.7460000514984131, 0.7570000290870667
===========================
Cora, 64, 0.15, 4, 0.0001
0.6600000262260437, 0.6530000567436218
===========================
Cora, 64, 0.15, 4, 0.0003
0.796000063419342, 0.7790000438690186
===========================
Citeseer, 64, 0.1, 18.2, 0.0003
0.6740000247955322, 0.6640000343322754
===========================
Cora, 80, 0.4, 6, 0.0003
0.8040000200271606, 0.8080000281333923
===========================
Cora, 64, 0.15, 4, 0.001
0.8020000457763672, 0.7990000247955322
===========================
Cora, 80, 0.05, 18.2, 0.0001
0.5879999995231628, 0.5990000367164612
===========================
Cora, 80, 0.4, 6, 0.001
0.8060000538825989, 0.7940000295639038
===========================
Cora, 64, 0.15, 6, 0.0001
0.6760000586509705, 0.6740000247955322
===========================
Citeseer, 64, 0.1, 18.2, 0.001
0.64000004529953, 0.6530000567436218
===========================
Cora, 64, 0.15, 6, 0.0003
0.8160000443458557, 0.8040000200271606
===========================
Cora, 80, 0.4, 10, 0.0001
0.6540000438690186, 0.6610000133514404
===========================
Citeseer, 64, 0.15, 2, 0.0001
0.7000000476837158, 0.6860000491142273
===========================
Cora, 64, 0.15, 6, 0.001
0.8020000457763672, 0.8090000152587891
===========================
Cora, 384, 0.15, 10, 0.001
0.8060000538825989, 0.8040000200271606
===========================
Citeseer, 64, 0.15, 2, 0.0003
0.690000057220459, 0.6720000505447388
===========================
Cora, 80, 0.05, 18.2, 0.0003
0.8020000457763672, 0.7990000247955322
===========================
Citeseer, 64, 0.15, 2, 0.001
0.6780000329017639, 0.6760000586509705
===========================
Cora, 80, 0.4, 10, 0.0003
0.800000011920929, 0.7930000424385071
===========================
Cora, 64, 0.15, 10, 0.0001
0.6500000357627869, 0.6350000500679016
===========================
Citeseer, 64, 0.15, 4, 0.0001
0.706000030040741, 0.6860000491142273
===========================
Citeseer, 64, 0.15, 4, 0.0003
0.690000057220459, 0.6710000038146973
===========================
Cora, 80, 0.4, 10, 0.001
0.8020000457763672, 0.8010000586509705
===========================
Cora, 512, 0.1, 10, 0.0001
0.7720000147819519, 0.7720000147819519
===========================
Cora, 64, 0.15, 10, 0.0003
0.8020000457763672, 0.7970000505447388
===========================
Cora, 256, 0.25, 18.2, 0.001
0.800000011920929, 0.8020000457763672
===========================
Citeseer, 64, 0.15, 4, 0.001
0.6920000314712524, 0.687000036239624
===========================
Cora, 80, 0.05, 18.2, 0.001
0.796000063419342, 0.7920000553131104
===========================
Cora, 80, 0.1, 2, 0.0001
0.784000039100647, 0.7830000519752502
===========================
Cora, 256, 0.3, 2, 0.0001
0.8060000538825989, 0.8100000619888306
===========================
Citeseer, 64, 0.15, 6, 0.0001
0.706000030040741, 0.6880000233650208
===========================
Cora, 80, 0.1, 2, 0.0003
0.8040000200271606, 0.796000063419342
===========================
Cora, 64, 0.15, 10, 0.001
0.812000036239624, 0.8100000619888306
===========================
Cora, 80, 0.1, 2, 0.001
0.812000036239624, 0.8020000457763672
===========================
Citeseer, 64, 0.15, 6, 0.0003
0.6880000233650208, 0.6810000538825989
===========================
Cora, 256, 0.3, 2, 0.0003
0.8080000281333923, 0.7880000472068787
===========================
Cora, 80, 0.4, 18.2, 0.0001
0.706000030040741, 0.7220000624656677
===========================
Cora, 80, 0.1, 4, 0.0001
0.7200000286102295, 0.7460000514984131
===========================
Citeseer, 64, 0.15, 6, 0.001
0.7000000476837158, 0.6810000538825989
===========================
Cora, 256, 0.3, 2, 0.001
0.796000063419342, 0.7880000472068787
===========================
Cora, 80, 0.1, 4, 0.0003
0.8020000457763672, 0.8030000329017639
===========================
Cora, 64, 0.15, 18.2, 0.0001
0.7680000066757202, 0.7910000085830688
===========================
Cora, 80, 0.1, 4, 0.001
0.812000036239624, 0.8250000476837158
===========================
Citeseer, 64, 0.15, 10, 0.0001
0.6480000019073486, 0.6290000081062317
===========================
Cora, 256, 0.3, 4, 0.0001
0.7780000567436218, 0.7710000276565552
===========================
Cora, 80, 0.1, 6, 0.0001
0.7640000581741333, 0.7700000405311584
===========================
Cora, 80, 0.4, 18.2, 0.0003
0.7720000147819519, 0.7860000133514404
===========================
Citeseer, 64, 0.15, 10, 0.0003
0.6960000395774841, 0.690000057220459
===========================
Cora, 80, 0.1, 6, 0.0003
0.7760000228881836, 0.76500004529953
===========================
Cora, 64, 0.15, 18.2, 0.0003
0.7620000243186951, 0.7910000085830688
===========================
Cora, 256, 0.3, 4, 0.0003
0.8040000200271606, 0.8190000653266907
===========================
Cora, 80, 0.1, 6, 0.001
0.796000063419342, 0.8060000538825989
===========================
Citeseer, 64, 0.15, 10, 0.001
0.6920000314712524, 0.6730000376701355
===========================
Cora, 80, 0.4, 18.2, 0.001
0.8040000200271606, 0.796000063419342
===========================
Cora, 64, 0.15, 18.2, 0.001
0.796000063419342, 0.7970000505447388
===========================
Cora, 80, 0.1, 10, 0.0001
0.6380000114440918, 0.6840000152587891
===========================
Cora, 256, 0.3, 4, 0.001
0.8080000281333923, 0.7950000166893005
===========================
Cora, 256, 0.05, 2, 0.0001
0.7940000295639038, 0.7990000247955322
===========================
Cora, 512, 0.1, 10, 0.0003
0.796000063419342, 0.7940000295639038
===========================
Cora, 64, 0.25, 2, 0.0001
0.7740000486373901, 0.7830000519752502
===========================
Cora, 64, 0.25, 2, 0.0003
0.8040000200271606, 0.8070000410079956
===========================
Citeseer, 64, 0.15, 18.2, 0.0001
0.6880000233650208, 0.6670000553131104
===========================
Cora, 384, 0.15, 18.2, 0.0001
0.7740000486373901, 0.7910000085830688
===========================
Cora, 256, 0.05, 2, 0.0003
0.8080000281333923, 0.7890000343322754
===========================
Cora, 64, 0.25, 2, 0.001
0.8060000538825989, 0.7910000085830688
===========================
Cora, 80, 0.1, 10, 0.0003
0.7580000162124634, 0.7570000290870667
===========================
Cora, 64, 0.25, 4, 0.0001
0.784000039100647, 0.7970000505447388
===========================
Cora, 256, 0.05, 2, 0.001
0.8060000538825989, 0.8060000538825989
===========================
Cora, 64, 0.25, 4, 0.0003
0.7680000066757202, 0.7680000066757202
===========================
Cora, 256, 0.3, 6, 0.0001
0.7760000228881836, 0.7740000486373901
===========================
Citeseer, 64, 0.15, 18.2, 0.0003
0.6620000600814819, 0.6740000247955322
===========================
Cora, 80, 0.1, 10, 0.001
0.8040000200271606, 0.8010000586509705
===========================
Cora, 64, 0.25, 4, 0.001
0.8080000281333923, 0.8100000619888306
===========================
Cora, 256, 0.05, 4, 0.0001
0.7900000214576721, 0.7930000424385071
===========================
Cora, 64, 0.25, 6, 0.0001
0.6760000586509705, 0.7150000333786011
===========================
Cora, 64, 0.25, 6, 0.0003
0.796000063419342, 0.8100000619888306
===========================
Citeseer, 64, 0.15, 18.2, 0.001
0.7040000557899475, 0.6790000200271606
===========================
Cora, 256, 0.3, 6, 0.0003
0.8040000200271606, 0.7940000295639038
===========================
Cora, 64, 0.25, 6, 0.001
0.8100000619888306, 0.7850000262260437
===========================
Cora, 256, 0.05, 4, 0.0003
0.8040000200271606, 0.8100000619888306
===========================
Cora, 80, 0.1, 18.2, 0.0001
0.6960000395774841, 0.6990000605583191
===========================
Citeseer, 64, 0.25, 2, 0.0001
0.6980000138282776, 0.6650000214576721
===========================
Citeseer, 64, 0.25, 2, 0.0003
0.6920000314712524, 0.6770000457763672
===========================
Citeseer, 64, 0.25, 2, 0.001
0.7100000381469727, 0.6840000152587891
===========================
Cora, 64, 0.25, 10, 0.0001
0.7420000433921814, 0.7580000162124634
===========================
Cora, 256, 0.05, 4, 0.001
0.800000011920929, 0.8040000200271606
===========================
Citeseer, 64, 0.25, 4, 0.0001
0.690000057220459, 0.6790000200271606
===========================
Cora, 256, 0.3, 6, 0.001
0.800000011920929, 0.800000011920929
===========================
Citeseer, 64, 0.25, 4, 0.0003
0.7020000219345093, 0.687000036239624
===========================
Cora, 64, 0.25, 10, 0.0003
0.7980000376701355, 0.8170000314712524
===========================
Cora, 80, 0.1, 18.2, 0.0003
0.784000039100647, 0.7860000133514404
===========================
Cora, 512, 0.1, 10, 0.001
0.8100000619888306, 0.8130000233650208
===========================
Citeseer, 64, 0.25, 4, 0.001
0.7100000381469727, 0.6980000138282776
===========================
Cora, 64, 0.25, 10, 0.001
0.7980000376701355, 0.796000063419342
===========================
Cora, 256, 0.05, 6, 0.0001
0.7900000214576721, 0.7660000324249268
===========================
Citeseer, 64, 0.25, 6, 0.0001
0.6980000138282776, 0.6710000038146973
===========================
Citeseer, 64, 0.25, 6, 0.0003
0.6800000071525574, 0.6720000505447388
===========================
Cora, 80, 0.1, 18.2, 0.001
0.8060000538825989, 0.8060000538825989
===========================
Cora, 80, 0.15, 2, 0.0001
0.7900000214576721, 0.7890000343322754
===========================
Cora, 256, 0.3, 10, 0.0001
0.7020000219345093, 0.7220000624656677
===========================
Citeseer, 64, 0.25, 6, 0.001
0.7020000219345093, 0.6890000104904175
===========================
Cora, 80, 0.15, 2, 0.0003
0.7940000295639038, 0.7880000472068787
===========================
Cora, 64, 0.25, 18.2, 0.0001
0.5840000510215759, 0.5990000367164612
===========================
Cora, 384, 0.15, 18.2, 0.0003
0.7920000553131104, 0.7990000247955322
===========================
Cora, 80, 0.15, 2, 0.001
0.8040000200271606, 0.8170000314712524
===========================
Cora, 256, 0.05, 6, 0.0003
0.7860000133514404, 0.7860000133514404
===========================
Cora, 80, 0.15, 4, 0.0001
0.7700000405311584, 0.7670000195503235
===========================
Citeseer, 64, 0.25, 10, 0.0001
0.6580000519752502, 0.6580000519752502
===========================
Cora, 80, 0.15, 4, 0.0003
0.7640000581741333, 0.7540000081062317
===========================
Cora, 64, 0.25, 18.2, 0.0003
0.784000039100647, 0.7880000472068787
===========================
Cora, 80, 0.15, 4, 0.001
0.8040000200271606, 0.784000039100647
===========================
Citeseer, 64, 0.25, 10, 0.0003
0.656000018119812, 0.6570000052452087
===========================
Cora, 256, 0.05, 6, 0.001
0.8020000457763672, 0.8080000281333923
===========================
Cora, 80, 0.15, 6, 0.0001
0.7000000476837158, 0.7280000448226929
===========================
Citeseer, 64, 0.25, 10, 0.001
0.6820000410079956, 0.6820000410079956
===========================
Cora, 256, 0.3, 10, 0.0003
0.7920000553131104, 0.7940000295639038
===========================
Cora, 80, 0.15, 6, 0.0003
0.7660000324249268, 0.7660000324249268
===========================
Cora, 64, 0.25, 18.2, 0.001
0.7860000133514404, 0.784000039100647
===========================
Cora, 64, 0.3, 2, 0.0001
0.7600000500679016, 0.7710000276565552
===========================
Cora, 80, 0.15, 6, 0.001
0.796000063419342, 0.7950000166893005
===========================
Cora, 64, 0.3, 2, 0.0003
0.784000039100647, 0.7950000166893005
===========================
Cora, 64, 0.3, 2, 0.001
0.8060000538825989, 0.7870000600814819
===========================
Citeseer, 64, 0.25, 18.2, 0.0001
0.6660000085830688, 0.6720000505447388
===========================
Cora, 64, 0.3, 4, 0.0001
0.7460000514984131, 0.734000027179718
===========================
Cora, 80, 0.15, 10, 0.0001
0.6800000071525574, 0.7150000333786011
===========================
Cora, 256, 0.05, 10, 0.0001
0.6420000195503235, 0.6510000228881836
===========================
Cora, 64, 0.3, 4, 0.0003
0.7940000295639038, 0.7900000214576721
===========================
Cora, 64, 0.3, 4, 0.001
0.8180000185966492, 0.8210000395774841
===========================
Cora, 256, 0.3, 10, 0.001
0.8100000619888306, 0.8040000200271606
===========================
Citeseer, 64, 0.25, 18.2, 0.0003
0.6820000410079956, 0.6570000052452087
===========================
Cora, 80, 0.15, 10, 0.0003
0.7600000500679016, 0.7730000615119934
===========================
Cora, 64, 0.3, 6, 0.0001
0.7140000462532043, 0.718000054359436
===========================
Cora, 64, 0.3, 6, 0.0003
0.7700000405311584, 0.7580000162124634
===========================
Cora, 80, 0.15, 10, 0.001
0.8040000200271606, 0.7970000505447388
===========================
Cora, 64, 0.3, 6, 0.001
0.8020000457763672, 0.7930000424385071
===========================
Citeseer, 64, 0.25, 18.2, 0.001
0.7380000352859497, 0.7050000429153442
===========================
Citeseer, 64, 0.3, 2, 0.0001
0.6920000314712524, 0.6740000247955322
===========================
Cora, 256, 0.05, 10, 0.0003
0.7820000648498535, 0.784000039100647
===========================
Cora, 384, 0.15, 18.2, 0.001
0.8020000457763672, 0.8160000443458557
===========================
Citeseer, 64, 0.3, 2, 0.0003
0.7040000557899475, 0.6940000057220459
===========================
Cora, 64, 0.3, 10, 0.0001
0.7480000257492065, 0.7620000243186951
===========================
Citeseer, 64, 0.3, 2, 0.001
0.6760000586509705, 0.6570000052452087
===========================
Cora, 512, 0.1, 18.2, 0.0001
0.7560000419616699, 0.7590000629425049
===========================
Cora, 80, 0.15, 18.2, 0.0001
0.6340000033378601, 0.656000018119812
===========================
Citeseer, 64, 0.3, 4, 0.0001
0.6980000138282776, 0.6790000200271606
===========================
Cora, 384, 0.25, 2, 0.0001
0.8040000200271606, 0.7820000648498535
===========================
Cora, 64, 0.3, 10, 0.0003
0.7740000486373901, 0.7800000309944153
===========================
Citeseer, 64, 0.3, 4, 0.0003
0.6880000233650208, 0.6740000247955322
===========================
Citeseer, 64, 0.3, 4, 0.001
0.6880000233650208, 0.6760000586509705
===========================
Cora, 384, 0.25, 2, 0.0003
0.8040000200271606, 0.7930000424385071
===========================
Cora, 64, 0.3, 10, 0.001
0.7980000376701355, 0.7870000600814819
===========================
Cora, 256, 0.05, 10, 0.001
0.7980000376701355, 0.8110000491142273
===========================
Citeseer, 64, 0.3, 6, 0.0001
0.7320000529289246, 0.7050000429153442
===========================
Cora, 80, 0.15, 18.2, 0.0003
0.6800000071525574, 0.6990000605583191
===========================
Cora, 256, 0.3, 18.2, 0.0001
0.7560000419616699, 0.7610000371932983
===========================
Cora, 384, 0.25, 2, 0.001
0.8060000538825989, 0.8040000200271606
===========================
Citeseer, 64, 0.3, 6, 0.0003
0.6740000247955322, 0.6670000553131104
===========================
Cora, 64, 0.3, 18.2, 0.0001
0.7140000462532043, 0.7410000562667847
===========================
Citeseer, 64, 0.3, 6, 0.001
0.6880000233650208, 0.6790000200271606
===========================
Cora, 80, 0.15, 18.2, 0.001
0.7940000295639038, 0.8040000200271606
===========================
Cora, 80, 0.25, 2, 0.0001
0.8080000281333923, 0.7950000166893005
===========================
Citeseer, 64, 0.3, 10, 0.0001
0.6780000329017639, 0.6760000586509705
===========================
Cora, 384, 0.25, 4, 0.0001
0.7920000553131104, 0.7860000133514404
===========================
Cora, 80, 0.25, 2, 0.0003
0.8100000619888306, 0.7820000648498535
===========================
Cora, 64, 0.3, 18.2, 0.0003
0.7220000624656677, 0.7160000205039978
===========================
Cora, 80, 0.25, 2, 0.001
0.8100000619888306, 0.8110000491142273
===========================
Citeseer, 64, 0.3, 10, 0.0003
0.6580000519752502, 0.6630000472068787
===========================
Cora, 80, 0.25, 4, 0.0001
0.7820000648498535, 0.796000063419342
===========================
Cora, 80, 0.25, 4, 0.0003
0.7900000214576721, 0.7890000343322754
===========================
Citeseer, 64, 0.3, 10, 0.001
0.6800000071525574, 0.6700000166893005
===========================
Cora, 64, 0.3, 18.2, 0.001
0.7940000295639038, 0.7930000424385071
===========================
Cora, 80, 0.25, 4, 0.001
0.8140000104904175, 0.8210000395774841
===========================
Cora, 384, 0.25, 4, 0.0003
0.8020000457763672, 0.7830000519752502
===========================
Cora, 64, 0.35, 2, 0.0001
0.800000011920929, 0.8060000538825989
===========================
Cora, 64, 0.35, 2, 0.0003
0.7900000214576721, 0.8050000667572021
===========================
Cora, 80, 0.25, 6, 0.0001
0.7640000581741333, 0.7670000195503235
===========================
Cora, 64, 0.35, 2, 0.001
0.812000036239624, 0.8250000476837158
===========================
Cora, 256, 0.05, 18.2, 0.0001
0.7160000205039978, 0.7470000386238098
===========================
Cora, 256, 0.3, 18.2, 0.0003
0.7780000567436218, 0.7790000438690186
===========================
Cora, 64, 0.35, 4, 0.0001
0.6620000600814819, 0.6780000329017639
===========================
Citeseer, 64, 0.3, 18.2, 0.0001
0.6060000061988831, 0.6030000448226929
===========================
Cora, 80, 0.25, 6, 0.0003
0.7860000133514404, 0.7720000147819519
===========================
Cora, 64, 0.35, 4, 0.0003
0.7980000376701355, 0.7860000133514404
===========================
Cora, 384, 0.25, 4, 0.001
0.8060000538825989, 0.8030000329017639
===========================
Cora, 80, 0.25, 6, 0.001
0.7920000553131104, 0.800000011920929
===========================
Cora, 64, 0.35, 4, 0.001
0.8100000619888306, 0.7970000505447388
===========================
Cora, 64, 0.35, 6, 0.0001
0.7820000648498535, 0.7880000472068787
===========================
Citeseer, 64, 0.3, 18.2, 0.0003
0.7080000042915344, 0.6930000185966492
===========================
Cora, 80, 0.25, 10, 0.0001
0.6300000548362732, 0.6610000133514404
===========================
Cora, 64, 0.35, 6, 0.0003
0.7600000500679016, 0.7490000128746033
===========================
Cora, 64, 0.35, 6, 0.001
0.800000011920929, 0.7800000309944153
===========================
Cora, 80, 0.25, 10, 0.0003
0.7780000567436218, 0.76500004529953
===========================
Citeseer, 64, 0.3, 18.2, 0.001
0.7020000219345093, 0.6830000281333923
===========================
Cora, 512, 0.1, 18.2, 0.0003
0.784000039100647, 0.7880000472068787
===========================
Cora, 384, 0.25, 6, 0.0001
0.7880000472068787, 0.7780000567436218
===========================
Citeseer, 64, 0.35, 2, 0.0001
0.6680000424385071, 0.6660000085830688
===========================
Cora, 64, 0.35, 10, 0.0001
0.7380000352859497, 0.7430000305175781
===========================
Citeseer, 64, 0.35, 2, 0.0003
0.6980000138282776, 0.6640000343322754
===========================
Cora, 80, 0.25, 10, 0.001
0.8060000538825989, 0.7990000247955322
===========================
Citeseer, 64, 0.35, 2, 0.001
0.7100000381469727, 0.6880000233650208
===========================
Cora, 64, 0.35, 10, 0.0003
0.7480000257492065, 0.7730000615119934
===========================
Cora, 256, 0.05, 18.2, 0.0003
0.7860000133514404, 0.7860000133514404
===========================
Citeseer, 64, 0.35, 4, 0.0001
0.6680000424385071, 0.6270000338554382
===========================
Cora, 256, 0.3, 18.2, 0.001
0.800000011920929, 0.8060000538825989
===========================
Citeseer, 64, 0.35, 4, 0.0003
0.6840000152587891, 0.6730000376701355
===========================
Cora, 64, 0.35, 10, 0.001
0.800000011920929, 0.7910000085830688
===========================
Cora, 256, 0.35, 2, 0.0001
0.812000036239624, 0.8050000667572021
===========================
Citeseer, 64, 0.35, 4, 0.001
0.6960000395774841, 0.6950000524520874
===========================
Cora, 80, 0.25, 18.2, 0.0001
0.612000048160553, 0.6610000133514404
===========================
Cora, 384, 0.25, 6, 0.0003
0.8020000457763672, 0.8050000667572021
===========================
Cora, 256, 0.35, 2, 0.0003
0.8040000200271606, 0.796000063419342
===========================
Citeseer, 64, 0.35, 6, 0.0001
0.5940000414848328, 0.5940000414848328
===========================
Cora, 256, 0.35, 2, 0.001
0.7980000376701355, 0.7970000505447388
===========================
Citeseer, 64, 0.35, 6, 0.0003
0.6780000329017639, 0.6540000438690186
===========================
Cora, 80, 0.25, 18.2, 0.0003
0.7120000123977661, 0.7110000252723694
===========================
Citeseer, 64, 0.35, 6, 0.001
0.7020000219345093, 0.6980000138282776
===========================
Cora, 256, 0.35, 4, 0.0001
0.7880000472068787, 0.7910000085830688
===========================
Citeseer, 64, 0.35, 10, 0.0001
0.6780000329017639, 0.656000018119812
===========================
Cora, 384, 0.25, 6, 0.001
0.8020000457763672, 0.7950000166893005
===========================
Cora, 256, 0.35, 4, 0.0003
0.8060000538825989, 0.7880000472068787
===========================
Cora, 80, 0.25, 18.2, 0.001
0.7920000553131104, 0.8010000586509705
===========================
Citeseer, 64, 0.35, 10, 0.0003
0.6620000600814819, 0.6700000166893005
===========================
Cora, 256, 0.05, 18.2, 0.001
0.8020000457763672, 0.800000011920929
===========================
Cora, 80, 0.3, 2, 0.0001
0.7800000309944153, 0.7750000357627869
===========================
Cora, 80, 0.3, 2, 0.0003
0.7940000295639038, 0.784000039100647
===========================
Cora, 256, 0.1, 2, 0.0001
0.784000039100647, 0.7870000600814819
===========================
Cora, 80, 0.3, 2, 0.001
0.8060000538825989, 0.8200000524520874
===========================
Citeseer, 64, 0.35, 10, 0.001
0.6800000071525574, 0.6700000166893005
===========================
Cora, 256, 0.35, 4, 0.001
0.8080000281333923, 0.8170000314712524
===========================
Cora, 80, 0.3, 4, 0.0001
0.7860000133514404, 0.7730000615119934
===========================
Cora, 256, 0.1, 2, 0.0003
0.8100000619888306, 0.7940000295639038
===========================
Cora, 80, 0.3, 4, 0.0003
0.7820000648498535, 0.7760000228881836
===========================
Cora, 256, 0.1, 2, 0.001
0.8100000619888306, 0.8010000586509705
===========================
Cora, 80, 0.3, 4, 0.001
0.8020000457763672, 0.8070000410079956
===========================
Cora, 256, 0.35, 6, 0.0001
0.7740000486373901, 0.7930000424385071
===========================
Cora, 80, 0.3, 6, 0.0001
0.7660000324249268, 0.7620000243186951
===========================
Cora, 256, 0.1, 4, 0.0001
0.7640000581741333, 0.7720000147819519
===========================
Cora, 80, 0.3, 6, 0.0003
0.796000063419342, 0.796000063419342
===========================
Cora, 384, 0.25, 10, 0.0001
0.7680000066757202, 0.7590000629425049
===========================
Cora, 512, 0.1, 18.2, 0.001
0.8020000457763672, 0.8050000667572021
===========================
Cora, 80, 0.3, 6, 0.001
0.7980000376701355, 0.800000011920929
===========================
Cora, 256, 0.1, 4, 0.0003
0.7940000295639038, 0.7850000262260437
===========================
Cora, 256, 0.35, 6, 0.0003
0.7940000295639038, 0.8040000200271606
===========================
Cora, 512, 0.15, 2, 0.0001
0.812000036239624, 0.7930000424385071
===========================
Cora, 256, 0.1, 4, 0.001
0.8020000457763672, 0.8030000329017639
===========================
Cora, 256, 0.35, 6, 0.001
0.800000011920929, 0.8030000329017639
===========================
Cora, 512, 0.15, 2, 0.0003
0.8080000281333923, 0.8020000457763672
===========================
Cora, 256, 0.1, 6, 0.0001
0.7680000066757202, 0.7800000309944153
===========================
Cora, 384, 0.25, 10, 0.0003
0.7880000472068787, 0.7900000214576721
===========================
Cora, 512, 0.15, 2, 0.001
0.8080000281333923, 0.8110000491142273
===========================
Cora, 256, 0.35, 10, 0.0001
0.7660000324249268, 0.7560000419616699
===========================
Cora, 256, 0.1, 6, 0.0003
0.796000063419342, 0.784000039100647
===========================
Cora, 512, 0.15, 4, 0.0001
0.796000063419342, 0.7950000166893005
===========================
Cora, 256, 0.1, 6, 0.001
0.8020000457763672, 0.7950000166893005
===========================
Cora, 256, 0.35, 10, 0.0003
0.8040000200271606, 0.7980000376701355
===========================
Cora, 384, 0.25, 10, 0.001
0.8080000281333923, 0.8230000138282776
===========================
Cora, 512, 0.15, 4, 0.0003
0.8060000538825989, 0.8050000667572021
===========================
Cora, 256, 0.1, 10, 0.0001
0.7460000514984131, 0.7540000081062317
===========================
Cora, 256, 0.35, 10, 0.001
0.8040000200271606, 0.8070000410079956
===========================
Cora, 512, 0.15, 4, 0.001
0.8080000281333923, 0.8030000329017639
===========================
Cora, 256, 0.1, 10, 0.0003
0.8060000538825989, 0.7920000553131104
===========================
Cora, 256, 0.1, 10, 0.001
0.800000011920929, 0.7950000166893005
===========================
Cora, 512, 0.15, 6, 0.0001
0.7800000309944153, 0.7900000214576721
===========================
Cora, 256, 0.35, 18.2, 0.0001
0.6300000548362732, 0.659000039100647
===========================
Cora, 384, 0.25, 18.2, 0.0001
0.64000004529953, 0.659000039100647
===========================
Cora, 512, 0.15, 6, 0.0003
0.796000063419342, 0.8020000457763672
===========================
Cora, 256, 0.1, 18.2, 0.0001
0.7500000596046448, 0.7660000324249268
===========================
Cora, 256, 0.35, 18.2, 0.0003
0.784000039100647, 0.7680000066757202
===========================
Cora, 512, 0.15, 6, 0.001
0.8060000538825989, 0.8030000329017639
===========================
Cora, 384, 0.25, 18.2, 0.0003
0.7900000214576721, 0.7990000247955322
===========================
Cora, 256, 0.1, 18.2, 0.0003
0.7700000405311584, 0.7720000147819519
===========================
Cora, 256, 0.35, 18.2, 0.001
0.8160000443458557, 0.8090000152587891
===========================
Cora, 256, 0.4, 2, 0.0001
0.8040000200271606, 0.8020000457763672
===========================
Cora, 256, 0.4, 2, 0.0003
0.8060000538825989, 0.8020000457763672
===========================
Cora, 256, 0.4, 2, 0.001
0.8040000200271606, 0.7970000505447388
===========================
Cora, 512, 0.15, 10, 0.0001
0.7480000257492065, 0.7360000610351562
===========================
Cora, 256, 0.4, 4, 0.0001
0.7920000553131104, 0.796000063419342
===========================
Cora, 256, 0.4, 4, 0.0003
0.8020000457763672, 0.7860000133514404
===========================
Cora, 256, 0.1, 18.2, 0.001
0.8040000200271606, 0.8110000491142273
===========================
Cora, 256, 0.15, 2, 0.0001
0.812000036239624, 0.8080000281333923
===========================
Cora, 256, 0.4, 4, 0.001
0.8080000281333923, 0.796000063419342
===========================
Cora, 256, 0.15, 2, 0.0003
0.800000011920929, 0.7890000343322754
===========================
Cora, 384, 0.25, 18.2, 0.001
0.800000011920929, 0.7930000424385071
===========================
Cora, 256, 0.15, 2, 0.001
0.8040000200271606, 0.7990000247955322
===========================
Cora, 384, 0.3, 2, 0.0001
0.7980000376701355, 0.784000039100647
===========================
Cora, 256, 0.4, 6, 0.0001
0.7780000567436218, 0.7670000195503235
===========================
Cora, 256, 0.15, 4, 0.0001
0.7860000133514404, 0.7770000100135803
===========================
Cora, 384, 0.3, 2, 0.0003
0.8080000281333923, 0.7970000505447388
===========================
Cora, 512, 0.15, 10, 0.0003
0.7880000472068787, 0.7710000276565552
===========================
Cora, 256, 0.15, 4, 0.0003
0.8060000538825989, 0.8010000586509705
===========================
Cora, 256, 0.4, 6, 0.0003
0.8040000200271606, 0.7880000472068787
===========================
Cora, 384, 0.3, 2, 0.001
0.7900000214576721, 0.8080000281333923
===========================
Cora, 256, 0.15, 4, 0.001
0.8080000281333923, 0.8050000667572021
===========================
Cora, 256, 0.4, 6, 0.001
0.8100000619888306, 0.8140000104904175
===========================
Cora, 384, 0.3, 4, 0.0001
0.7860000133514404, 0.7820000648498535
===========================
Cora, 256, 0.15, 6, 0.0001
0.7640000581741333, 0.7590000629425049
===========================
Cora, 384, 0.3, 4, 0.0003
0.8020000457763672, 0.8030000329017639
===========================
Cora, 256, 0.15, 6, 0.0003
0.796000063419342, 0.7990000247955322
===========================
Cora, 256, 0.4, 10, 0.0001
0.7260000109672546, 0.76500004529953
===========================
Cora, 512, 0.15, 10, 0.001
0.8060000538825989, 0.8200000524520874
===========================
Cora, 384, 0.3, 4, 0.001
0.8140000104904175, 0.7970000505447388
===========================
Cora, 256, 0.15, 6, 0.001
0.8060000538825989, 0.8020000457763672
===========================
Cora, 256, 0.4, 10, 0.0003
0.7800000309944153, 0.7700000405311584
===========================
Cora, 384, 0.3, 6, 0.0001
0.7900000214576721, 0.7780000567436218
===========================
Cora, 256, 0.15, 10, 0.0001
0.7240000367164612, 0.7380000352859497
===========================
Cora, 256, 0.4, 10, 0.001
0.8060000538825989, 0.8040000200271606
===========================
Cora, 384, 0.3, 6, 0.0003
0.796000063419342, 0.7970000505447388
===========================
Cora, 256, 0.15, 10, 0.0003
0.8040000200271606, 0.815000057220459
===========================
Cora, 384, 0.3, 6, 0.001
0.8040000200271606, 0.7920000553131104
===========================
Cora, 256, 0.15, 10, 0.001
0.8040000200271606, 0.8030000329017639
===========================
Cora, 256, 0.4, 18.2, 0.0001
0.7240000367164612, 0.7360000610351562
===========================
Cora, 512, 0.15, 18.2, 0.0001
0.7560000419616699, 0.7500000596046448
===========================
