80, 0.05, 2, 0.0001
0.8040000200271606, 0.7940000295639038
===========================
80, 0.05, 2, 0.0003
0.800000011920929, 0.7970000505447388
===========================
80, 0.05, 2, 0.001
0.8040000200271606, 0.8130000233650208
===========================
80, 0.05, 4, 0.0001
0.7240000367164612, 0.718000054359436
===========================
80, 0.05, 4, 0.0003
0.784000039100647, 0.7890000343322754
===========================
80, 0.05, 4, 0.001
0.8140000104904175, 0.8050000667572021
===========================
80, 0.05, 6, 0.0001
0.7760000228881836, 0.7710000276565552
===========================
80, 0.05, 6, 0.0003
0.7860000133514404, 0.7670000195503235
===========================
80, 0.05, 6, 0.001
0.8040000200271606, 0.7920000553131104
===========================
80, 0.05, 10, 0.0001
0.7680000066757202, 0.7760000228881836
===========================
80, 0.05, 10, 0.0003
0.784000039100647, 0.7800000309944153
===========================
80, 0.05, 10, 0.001
0.7980000376701355, 0.7950000166893005
===========================
80, 0.05, 18.2, 0.0001
0.6880000233650208, 0.7090000510215759
===========================
80, 0.05, 18.2, 0.0003
0.7800000309944153, 0.7900000214576721
===========================
80, 0.05, 18.2, 0.001
0.7880000472068787, 0.8090000152587891
===========================
80, 0.1, 2, 0.0001
0.7860000133514404, 0.796000063419342
===========================
80, 0.1, 2, 0.0003
0.8060000538825989, 0.8110000491142273
===========================
80, 0.1, 2, 0.001
0.7980000376701355, 0.8010000586509705
===========================
80, 0.1, 4, 0.0001
0.7420000433921814, 0.7620000243186951
===========================
80, 0.1, 4, 0.0003
0.800000011920929, 0.7860000133514404
===========================
80, 0.1, 4, 0.001
0.8040000200271606, 0.8090000152587891
===========================
80, 0.1, 6, 0.0001
0.7940000295639038, 0.800000011920929
===========================
80, 0.1, 6, 0.0003
0.7920000553131104, 0.7770000100135803
===========================
80, 0.1, 6, 0.001
0.8020000457763672, 0.8130000233650208
===========================
80, 0.1, 10, 0.0001
0.7220000624656677, 0.7330000400543213
===========================
80, 0.1, 10, 0.0003
0.7740000486373901, 0.7590000629425049
===========================
80, 0.1, 10, 0.001
0.8060000538825989, 0.8160000443458557
===========================
80, 0.1, 18.2, 0.0001
0.706000030040741, 0.6890000104904175
===========================
80, 0.1, 18.2, 0.0003
0.7780000567436218, 0.7750000357627869
===========================
80, 0.1, 18.2, 0.001
0.800000011920929, 0.7950000166893005
===========================
80, 0.15, 2, 0.0001
0.7680000066757202, 0.7910000085830688
===========================
80, 0.15, 2, 0.0003
0.7900000214576721, 0.7920000553131104
===========================
80, 0.15, 2, 0.001
0.800000011920929, 0.8170000314712524
===========================
80, 0.15, 4, 0.0001
0.7700000405311584, 0.7760000228881836
===========================
80, 0.15, 4, 0.0003
0.7880000472068787, 0.7920000553131104
===========================
80, 0.15, 4, 0.001
0.7920000553131104, 0.7860000133514404
===========================
80, 0.15, 6, 0.0001
0.7020000219345093, 0.7040000557899475
===========================
80, 0.15, 6, 0.0003
0.7920000553131104, 0.8030000329017639
===========================
80, 0.15, 6, 0.001
0.7980000376701355, 0.8010000586509705
===========================
80, 0.15, 10, 0.0001
0.7260000109672546, 0.734000027179718
===========================
80, 0.15, 10, 0.0003
0.7720000147819519, 0.7760000228881836
===========================
80, 0.15, 10, 0.001
0.7980000376701355, 0.8100000619888306
===========================
80, 0.15, 18.2, 0.0001
0.7280000448226929, 0.7390000224113464
===========================
80, 0.15, 18.2, 0.0003
0.800000011920929, 0.796000063419342
===========================
80, 0.15, 18.2, 0.001
0.8020000457763672, 0.7930000424385071
===========================
80, 0.25, 2, 0.0001
0.7680000066757202, 0.7770000100135803
===========================
80, 0.25, 2, 0.0003
0.800000011920929, 0.8010000586509705
===========================
80, 0.25, 2, 0.001
0.8020000457763672, 0.8070000410079956
===========================
80, 0.25, 4, 0.0001
0.7920000553131104, 0.7950000166893005
===========================
80, 0.25, 4, 0.0003
0.7860000133514404, 0.7990000247955322
===========================
80, 0.25, 4, 0.001
0.800000011920929, 0.7920000553131104
===========================
80, 0.25, 6, 0.0001
0.7240000367164612, 0.7230000495910645
===========================
80, 0.25, 6, 0.0003
0.8020000457763672, 0.7900000214576721
===========================
80, 0.25, 6, 0.001
0.8020000457763672, 0.8010000586509705
===========================
80, 0.25, 10, 0.0001
0.7240000367164612, 0.7250000238418579
===========================
80, 0.25, 10, 0.0003
0.800000011920929, 0.8010000586509705
===========================
80, 0.25, 10, 0.001
0.796000063419342, 0.7790000438690186
===========================
80, 0.25, 18.2, 0.0001
0.7520000338554382, 0.7330000400543213
===========================
80, 0.25, 18.2, 0.0003
0.7860000133514404, 0.7740000486373901
===========================
80, 0.25, 18.2, 0.001
0.800000011920929, 0.8060000538825989
===========================
80, 0.3, 2, 0.0001
0.7940000295639038, 0.7850000262260437
===========================
80, 0.3, 2, 0.0003
0.7800000309944153, 0.7850000262260437
===========================
80, 0.3, 2, 0.001
0.8060000538825989, 0.7950000166893005
===========================
80, 0.3, 4, 0.0001
0.784000039100647, 0.7970000505447388
===========================
80, 0.3, 4, 0.0003
0.8060000538825989, 0.8060000538825989
===========================
80, 0.3, 4, 0.001
0.8020000457763672, 0.7920000553131104
===========================
80, 0.3, 6, 0.0001
0.7300000190734863, 0.734000027179718
===========================
80, 0.3, 6, 0.0003
0.7880000472068787, 0.7930000424385071
===========================
80, 0.3, 6, 0.001
0.800000011920929, 0.784000039100647
===========================
80, 0.3, 10, 0.0001
0.6660000085830688, 0.6440000534057617
===========================
80, 0.3, 10, 0.0003
0.7900000214576721, 0.7680000066757202
===========================
80, 0.3, 10, 0.001
0.8040000200271606, 0.8200000524520874
===========================
80, 0.3, 18.2, 0.0001
0.7280000448226929, 0.7440000176429749
===========================
80, 0.3, 18.2, 0.0003
0.7920000553131104, 0.7830000519752502
===========================
80, 0.3, 18.2, 0.001
0.7940000295639038, 0.7910000085830688
===========================
80, 0.35, 2, 0.0001
0.7440000176429749, 0.7330000400543213
===========================
80, 0.35, 2, 0.0003
0.7940000295639038, 0.7800000309944153
===========================
80, 0.35, 2, 0.001
0.7900000214576721, 0.7890000343322754
===========================
80, 0.35, 4, 0.0001
0.7380000352859497, 0.7510000467300415
===========================
80, 0.35, 4, 0.0003
0.7920000553131104, 0.7680000066757202
===========================
80, 0.35, 4, 0.001
0.8100000619888306, 0.796000063419342
===========================
80, 0.35, 6, 0.0001
0.7680000066757202, 0.7730000615119934
===========================
80, 0.35, 6, 0.0003
0.7980000376701355, 0.7760000228881836
===========================
80, 0.35, 6, 0.001
0.8100000619888306, 0.8140000104904175
===========================
80, 0.35, 10, 0.0001
0.7640000581741333, 0.7590000629425049
===========================
80, 0.35, 10, 0.0003
0.7920000553131104, 0.7850000262260437
===========================
80, 0.35, 10, 0.001
0.812000036239624, 0.8100000619888306
===========================
80, 0.35, 18.2, 0.0001
0.7820000648498535, 0.7660000324249268
===========================
80, 0.35, 18.2, 0.0003
0.7640000581741333, 0.7860000133514404
===========================
80, 0.35, 18.2, 0.001
0.7980000376701355, 0.8050000667572021
===========================
80, 0.4, 2, 0.0001
0.7680000066757202, 0.7720000147819519
===========================
80, 0.4, 2, 0.0003
0.800000011920929, 0.8010000586509705
===========================
80, 0.4, 2, 0.001
0.7940000295639038, 0.7930000424385071
===========================
80, 0.4, 4, 0.0001
0.7640000581741333, 0.7450000643730164
===========================
80, 0.4, 4, 0.0003
0.7760000228881836, 0.7660000324249268
===========================
80, 0.4, 4, 0.001
0.8040000200271606, 0.8010000586509705
===========================
80, 0.4, 6, 0.0001
0.8040000200271606, 0.7800000309944153
===========================
80, 0.4, 6, 0.0003
0.8040000200271606, 0.8050000667572021
===========================
80, 0.4, 6, 0.001
0.8080000281333923, 0.8020000457763672
===========================
80, 0.4, 10, 0.0001
0.7900000214576721, 0.7920000553131104
===========================
80, 0.4, 10, 0.0003
0.7240000367164612, 0.7080000042915344
===========================
80, 0.4, 10, 0.001
0.8040000200271606, 0.8040000200271606
===========================
80, 0.4, 18.2, 0.0001
0.7040000557899475, 0.7170000076293945
===========================
80, 0.4, 18.2, 0.0003
0.8060000538825989, 0.8180000185966492
===========================
80, 0.4, 18.2, 0.001
0.796000063419342, 0.7880000472068787
===========================
128, 0.05, 2, 0.0001
0.8040000200271606, 0.7980000376701355
===========================
128, 0.05, 2, 0.0003
0.8020000457763672, 0.7850000262260437
===========================
128, 0.05, 2, 0.001
0.8020000457763672, 0.8130000233650208
===========================
128, 0.05, 4, 0.0001
0.7400000095367432, 0.7430000305175781
===========================
128, 0.05, 4, 0.0003
0.812000036239624, 0.800000011920929
===========================
128, 0.05, 4, 0.001
0.8040000200271606, 0.8050000667572021
===========================
128, 0.05, 6, 0.0001
0.7900000214576721, 0.7890000343322754
===========================
128, 0.05, 6, 0.0003
0.7940000295639038, 0.8100000619888306
===========================
128, 0.05, 6, 0.001
0.8060000538825989, 0.8030000329017639
===========================
128, 0.05, 10, 0.0001
0.7600000500679016, 0.7750000357627869
===========================
128, 0.05, 10, 0.0003
0.7900000214576721, 0.7900000214576721
===========================
128, 0.05, 10, 0.001
0.8060000538825989, 0.7980000376701355
===========================
128, 0.05, 18.2, 0.0001
0.6800000071525574, 0.6720000505447388
===========================
128, 0.05, 18.2, 0.0003
0.800000011920929, 0.8160000443458557
===========================
128, 0.05, 18.2, 0.001
0.796000063419342, 0.7950000166893005
===========================
128, 0.1, 2, 0.0001
0.800000011920929, 0.7890000343322754
===========================
128, 0.1, 2, 0.0003
0.796000063419342, 0.7800000309944153
===========================
128, 0.1, 2, 0.001
0.8080000281333923, 0.800000011920929
===========================
128, 0.1, 4, 0.0001
0.784000039100647, 0.7820000648498535
===========================
128, 0.1, 4, 0.0003
0.7920000553131104, 0.7910000085830688
===========================
128, 0.1, 4, 0.001
0.7980000376701355, 0.7970000505447388
===========================
128, 0.1, 6, 0.0001
0.7560000419616699, 0.7620000243186951
===========================
128, 0.1, 6, 0.0003
0.7900000214576721, 0.7920000553131104
===========================
128, 0.1, 6, 0.001
0.800000011920929, 0.8050000667572021
===========================
128, 0.1, 10, 0.0001
0.7800000309944153, 0.7940000295639038
===========================
128, 0.1, 10, 0.0003
0.784000039100647, 0.7750000357627869
===========================
128, 0.1, 10, 0.001
0.7980000376701355, 0.7940000295639038
===========================
128, 0.1, 18.2, 0.0001
0.7000000476837158, 0.7270000576972961
===========================
128, 0.1, 18.2, 0.0003
0.8020000457763672, 0.8090000152587891
===========================
128, 0.1, 18.2, 0.001
0.8060000538825989, 0.8050000667572021
===========================
128, 0.15, 2, 0.0001
0.7880000472068787, 0.7890000343322754
===========================
128, 0.15, 2, 0.0003
0.800000011920929, 0.7940000295639038
===========================
128, 0.15, 2, 0.001
0.8040000200271606, 0.7930000424385071
===========================
128, 0.15, 4, 0.0001
0.7980000376701355, 0.7940000295639038
===========================
128, 0.15, 4, 0.0003
0.8060000538825989, 0.8060000538825989
===========================
128, 0.15, 4, 0.001
0.8140000104904175, 0.8020000457763672
===========================
128, 0.15, 6, 0.0001
0.7860000133514404, 0.7710000276565552
===========================
128, 0.15, 6, 0.0003
0.800000011920929, 0.796000063419342
===========================
128, 0.15, 6, 0.001
0.8080000281333923, 0.8070000410079956
===========================
128, 0.15, 10, 0.0001
0.7680000066757202, 0.7710000276565552
===========================
128, 0.15, 10, 0.0003
0.7900000214576721, 0.7920000553131104
===========================
128, 0.15, 10, 0.001
0.800000011920929, 0.8020000457763672
===========================
128, 0.15, 18.2, 0.0001
0.7760000228881836, 0.7740000486373901
===========================
128, 0.15, 18.2, 0.0003
0.7600000500679016, 0.7580000162124634
===========================
128, 0.15, 18.2, 0.001
0.7980000376701355, 0.7880000472068787
===========================
128, 0.25, 2, 0.0001
0.7780000567436218, 0.7790000438690186
===========================
128, 0.25, 2, 0.0003
0.7980000376701355, 0.7900000214576721
===========================
128, 0.25, 2, 0.001
0.8100000619888306, 0.8080000281333923
===========================
128, 0.25, 4, 0.0001
0.7800000309944153, 0.7740000486373901
===========================
128, 0.25, 4, 0.0003
0.8100000619888306, 0.8260000348091125
===========================
128, 0.25, 4, 0.001
0.8020000457763672, 0.8050000667572021
===========================
128, 0.25, 6, 0.0001
0.7700000405311584, 0.7720000147819519
===========================
128, 0.25, 6, 0.0003
0.796000063419342, 0.7970000505447388
===========================
128, 0.25, 6, 0.001
0.8060000538825989, 0.8100000619888306
===========================
128, 0.25, 10, 0.0001
0.7220000624656677, 0.7310000061988831
===========================
128, 0.25, 10, 0.0003
0.7820000648498535, 0.7990000247955322
===========================
128, 0.25, 10, 0.001
0.8020000457763672, 0.8050000667572021
===========================
128, 0.25, 18.2, 0.0001
0.6660000085830688, 0.7000000476837158
===========================
128, 0.25, 18.2, 0.0003
0.7900000214576721, 0.7910000085830688
===========================
128, 0.25, 18.2, 0.001
0.800000011920929, 0.8060000538825989
===========================
128, 0.3, 2, 0.0001
0.7760000228881836, 0.7770000100135803
===========================
128, 0.3, 2, 0.0003
0.796000063419342, 0.7920000553131104
===========================
128, 0.3, 2, 0.001
0.8040000200271606, 0.7950000166893005
===========================
128, 0.3, 4, 0.0001
0.7920000553131104, 0.7890000343322754
===========================
128, 0.3, 4, 0.0003
0.800000011920929, 0.8030000329017639
===========================
128, 0.3, 4, 0.001
0.8020000457763672, 0.7860000133514404
===========================
128, 0.3, 6, 0.0001
0.7640000581741333, 0.7690000534057617
===========================
128, 0.3, 6, 0.0003
0.7800000309944153, 0.781000018119812
===========================
128, 0.3, 6, 0.001
0.8180000185966492, 0.8240000605583191
===========================
128, 0.3, 10, 0.0001
0.7600000500679016, 0.7620000243186951
===========================
128, 0.3, 10, 0.0003
0.7900000214576721, 0.7930000424385071
===========================
128, 0.3, 10, 0.001
0.7880000472068787, 0.784000039100647
===========================
128, 0.3, 18.2, 0.0001
0.6740000247955322, 0.6820000410079956
===========================
128, 0.3, 18.2, 0.0003
0.7860000133514404, 0.7970000505447388
===========================
128, 0.3, 18.2, 0.001
0.796000063419342, 0.812000036239624
===========================
128, 0.35, 2, 0.0001
0.7900000214576721, 0.8040000200271606
===========================
128, 0.35, 2, 0.0003
0.8140000104904175, 0.8080000281333923
===========================
128, 0.35, 2, 0.001
0.8020000457763672, 0.7990000247955322
===========================
128, 0.35, 4, 0.0001
0.8020000457763672, 0.7930000424385071
===========================
128, 0.35, 4, 0.0003
0.7980000376701355, 0.8080000281333923
===========================
128, 0.35, 4, 0.001
0.8020000457763672, 0.8060000538825989
===========================
128, 0.35, 6, 0.0001
0.7780000567436218, 0.7670000195503235
===========================
128, 0.35, 6, 0.0003
0.8040000200271606, 0.8180000185966492
===========================
128, 0.35, 6, 0.001
0.8040000200271606, 0.8100000619888306
===========================
128, 0.35, 10, 0.0001
0.7300000190734863, 0.7320000529289246
===========================
128, 0.35, 10, 0.0003
0.800000011920929, 0.8050000667572021
===========================
128, 0.35, 10, 0.001
0.8160000443458557, 0.8180000185966492
===========================
128, 0.35, 18.2, 0.0001
0.6240000128746033, 0.6350000500679016
===========================
128, 0.35, 18.2, 0.0003
0.7980000376701355, 0.8040000200271606
===========================
128, 0.35, 18.2, 0.001
0.7920000553131104, 0.8130000233650208
===========================
128, 0.4, 2, 0.0001
0.8080000281333923, 0.8010000586509705
===========================
128, 0.4, 2, 0.0003
0.8060000538825989, 0.7920000553131104
===========================
128, 0.4, 2, 0.001
0.8040000200271606, 0.7890000343322754
===========================
128, 0.4, 4, 0.0001
0.7440000176429749, 0.7440000176429749
===========================
128, 0.4, 4, 0.0003
0.8040000200271606, 0.7880000472068787
===========================
128, 0.4, 4, 0.001
0.812000036239624, 0.8100000619888306
===========================
128, 0.4, 6, 0.0001
0.7760000228881836, 0.7590000629425049
===========================
128, 0.4, 6, 0.0003
0.7880000472068787, 0.7850000262260437
===========================
128, 0.4, 6, 0.001
0.8100000619888306, 0.8100000619888306
===========================
128, 0.4, 10, 0.0001
0.6480000019073486, 0.6660000085830688
===========================
128, 0.4, 10, 0.0003
0.7860000133514404, 0.7830000519752502
===========================
128, 0.4, 10, 0.001
0.796000063419342, 0.7970000505447388
===========================
128, 0.4, 18.2, 0.0001
0.6700000166893005, 0.6920000314712524
===========================
128, 0.4, 18.2, 0.0003
0.784000039100647, 0.7740000486373901
===========================
128, 0.4, 18.2, 0.001
0.8040000200271606, 0.7890000343322754
===========================
180, 0.05, 2, 0.0001
0.7940000295639038, 0.7850000262260437
===========================
180, 0.05, 2, 0.0003
0.800000011920929, 0.784000039100647
===========================
180, 0.05, 2, 0.001
0.8100000619888306, 0.8090000152587891
===========================
180, 0.05, 4, 0.0001
0.7900000214576721, 0.7860000133514404
===========================
180, 0.05, 4, 0.0003
0.796000063419342, 0.7920000553131104
===========================
180, 0.05, 4, 0.001
0.8080000281333923, 0.8080000281333923
===========================
180, 0.05, 6, 0.0001
0.784000039100647, 0.7730000615119934
===========================
180, 0.05, 6, 0.0003
0.800000011920929, 0.7870000600814819
===========================
180, 0.05, 6, 0.001
0.8140000104904175, 0.8210000395774841
===========================
180, 0.05, 10, 0.0001
0.7360000610351562, 0.7750000357627869
===========================
180, 0.05, 10, 0.0003
0.7920000553131104, 0.8100000619888306
===========================
180, 0.05, 10, 0.001
0.7940000295639038, 0.8050000667572021
===========================
180, 0.05, 18.2, 0.0001
0.718000054359436, 0.7400000095367432
===========================
180, 0.05, 18.2, 0.0003
0.7860000133514404, 0.8010000586509705
===========================
180, 0.05, 18.2, 0.001
0.800000011920929, 0.8020000457763672
===========================
180, 0.1, 2, 0.0001
0.796000063419342, 0.784000039100647
===========================
180, 0.1, 2, 0.0003
0.8060000538825989, 0.7910000085830688
===========================
180, 0.1, 2, 0.001
0.812000036239624, 0.815000057220459
===========================
180, 0.1, 4, 0.0001
0.7380000352859497, 0.7400000095367432
===========================
180, 0.1, 4, 0.0003
0.800000011920929, 0.8070000410079956
===========================
180, 0.1, 4, 0.001
0.8020000457763672, 0.7920000553131104
===========================
180, 0.1, 6, 0.0001
0.7280000448226929, 0.76500004529953
===========================
180, 0.1, 6, 0.0003
0.796000063419342, 0.7870000600814819
===========================
180, 0.1, 6, 0.001
0.8040000200271606, 0.8110000491142273
===========================
180, 0.1, 10, 0.0001
0.7360000610351562, 0.7360000610351562
===========================
180, 0.1, 10, 0.0003
0.7660000324249268, 0.7730000615119934
===========================
180, 0.1, 10, 0.001
0.800000011920929, 0.7850000262260437
===========================
180, 0.1, 18.2, 0.0001
0.718000054359436, 0.7420000433921814
===========================
180, 0.1, 18.2, 0.0003
0.784000039100647, 0.7920000553131104
===========================
180, 0.1, 18.2, 0.001
0.8040000200271606, 0.7950000166893005
===========================
180, 0.15, 2, 0.0001
0.7920000553131104, 0.784000039100647
===========================
180, 0.15, 2, 0.0003
0.8200000524520874, 0.8220000267028809
===========================
180, 0.15, 2, 0.001
0.800000011920929, 0.8100000619888306
===========================
180, 0.15, 4, 0.0001
0.7520000338554382, 0.7610000371932983
===========================
180, 0.15, 4, 0.0003
0.8060000538825989, 0.7820000648498535
===========================
180, 0.15, 4, 0.001
0.8040000200271606, 0.7950000166893005
===========================
180, 0.15, 6, 0.0001
0.7580000162124634, 0.7510000467300415
===========================
180, 0.15, 6, 0.0003
0.796000063419342, 0.7910000085830688
===========================
180, 0.15, 6, 0.001
0.8100000619888306, 0.8200000524520874
===========================
180, 0.15, 10, 0.0001
0.7240000367164612, 0.7460000514984131
===========================
180, 0.15, 10, 0.0003
0.7800000309944153, 0.8020000457763672
===========================
180, 0.15, 10, 0.001
0.8020000457763672, 0.8070000410079956
===========================
180, 0.15, 18.2, 0.0001
0.7240000367164612, 0.753000020980835
===========================
180, 0.15, 18.2, 0.0003
0.7760000228881836, 0.7800000309944153
===========================
180, 0.15, 18.2, 0.001
0.8040000200271606, 0.8090000152587891
===========================
180, 0.25, 2, 0.0001
0.8020000457763672, 0.796000063419342
===========================
180, 0.25, 2, 0.0003
0.8020000457763672, 0.8010000586509705
===========================
180, 0.25, 2, 0.001
0.8020000457763672, 0.8040000200271606
===========================
180, 0.25, 4, 0.0001
0.7620000243186951, 0.7600000500679016
===========================
180, 0.25, 4, 0.0003
0.800000011920929, 0.7930000424385071
===========================
180, 0.25, 4, 0.001
0.796000063419342, 0.7990000247955322
===========================
180, 0.25, 6, 0.0001
0.7580000162124634, 0.76500004529953
===========================
180, 0.25, 6, 0.0003
0.7860000133514404, 0.7870000600814819
===========================
180, 0.25, 6, 0.001
0.8060000538825989, 0.8130000233650208
===========================
180, 0.25, 10, 0.0001
0.7520000338554382, 0.7520000338554382
===========================
180, 0.25, 10, 0.0003
0.784000039100647, 0.7740000486373901
===========================
180, 0.25, 10, 0.001
0.8040000200271606, 0.8050000667572021
===========================
180, 0.25, 18.2, 0.0001
0.5920000076293945, 0.609000027179718
===========================
180, 0.25, 18.2, 0.0003
0.7820000648498535, 0.7940000295639038
===========================
180, 0.25, 18.2, 0.001
0.800000011920929, 0.8080000281333923
===========================
180, 0.3, 2, 0.0001
0.7980000376701355, 0.7910000085830688
===========================
180, 0.3, 2, 0.0003
0.8040000200271606, 0.8060000538825989
===========================
180, 0.3, 2, 0.001
0.8080000281333923, 0.8070000410079956
===========================
180, 0.3, 4, 0.0001
0.7880000472068787, 0.7760000228881836
===========================
180, 0.3, 4, 0.0003
0.7920000553131104, 0.8010000586509705
===========================
180, 0.3, 4, 0.001
0.8100000619888306, 0.7940000295639038
===========================
180, 0.3, 6, 0.0001
0.7620000243186951, 0.7480000257492065
===========================
180, 0.3, 6, 0.0003
0.7880000472068787, 0.7820000648498535
===========================
180, 0.3, 6, 0.001
0.812000036239624, 0.812000036239624
===========================
180, 0.3, 10, 0.0001
0.7520000338554382, 0.7420000433921814
===========================
180, 0.3, 10, 0.0003
0.8060000538825989, 0.7790000438690186
===========================
180, 0.3, 10, 0.001
0.812000036239624, 0.7850000262260437
===========================
180, 0.3, 18.2, 0.0001
0.5960000157356262, 0.6100000143051147
===========================
180, 0.3, 18.2, 0.0003
0.7800000309944153, 0.7720000147819519
===========================
180, 0.3, 18.2, 0.001
0.800000011920929, 0.8040000200271606
===========================
180, 0.35, 2, 0.0001
0.8100000619888306, 0.8110000491142273
===========================
180, 0.35, 2, 0.0003
0.796000063419342, 0.8020000457763672
===========================
180, 0.35, 2, 0.001
0.8080000281333923, 0.7970000505447388
===========================
180, 0.35, 4, 0.0001
0.7760000228881836, 0.7550000548362732
===========================
180, 0.35, 4, 0.0003
0.7980000376701355, 0.7850000262260437
===========================
180, 0.35, 4, 0.001
0.8060000538825989, 0.7970000505447388
===========================
180, 0.35, 6, 0.0001
0.7800000309944153, 0.7910000085830688
===========================
180, 0.35, 6, 0.0003
0.7900000214576721, 0.7890000343322754
===========================
180, 0.35, 6, 0.001
0.8080000281333923, 0.8070000410079956
===========================
180, 0.35, 10, 0.0001
0.7880000472068787, 0.8060000538825989
===========================
180, 0.35, 10, 0.0003
0.7900000214576721, 0.8100000619888306
===========================
180, 0.35, 10, 0.001
0.8040000200271606, 0.8080000281333923
===========================
180, 0.35, 18.2, 0.0001
0.718000054359436, 0.734000027179718
===========================
180, 0.35, 18.2, 0.0003
0.7800000309944153, 0.7870000600814819
===========================
180, 0.35, 18.2, 0.001
0.8020000457763672, 0.8050000667572021
===========================
180, 0.4, 2, 0.0001
0.7940000295639038, 0.8010000586509705
===========================
180, 0.4, 2, 0.0003
0.812000036239624, 0.8090000152587891
===========================
180, 0.4, 2, 0.001
0.8060000538825989, 0.7900000214576721
===========================
180, 0.4, 4, 0.0001
0.7560000419616699, 0.7510000467300415
===========================
180, 0.4, 4, 0.0003
0.796000063419342, 0.7860000133514404
===========================
180, 0.4, 4, 0.001
0.812000036239624, 0.8160000443458557
===========================
180, 0.4, 6, 0.0001
0.7800000309944153, 0.7760000228881836
===========================
180, 0.4, 6, 0.0003
0.812000036239624, 0.7910000085830688
===========================
180, 0.4, 6, 0.001
0.8180000185966492, 0.8160000443458557
===========================
180, 0.4, 10, 0.0001
0.734000027179718, 0.7660000324249268
===========================
180, 0.4, 10, 0.0003
0.7800000309944153, 0.781000018119812
===========================
180, 0.4, 10, 0.001
0.8020000457763672, 0.7990000247955322
===========================
180, 0.4, 18.2, 0.0001
0.6140000224113464, 0.6360000371932983
===========================
180, 0.4, 18.2, 0.0003
0.7900000214576721, 0.7930000424385071
===========================
180, 0.4, 18.2, 0.001
0.796000063419342, 0.796000063419342
===========================
256, 0.05, 2, 0.0001
0.796000063419342, 0.7820000648498535
===========================
256, 0.05, 2, 0.0003
0.8100000619888306, 0.812000036239624
===========================
256, 0.05, 2, 0.001
0.8020000457763672, 0.7980000376701355
===========================
256, 0.05, 4, 0.0001
0.7820000648498535, 0.7730000615119934
===========================
256, 0.05, 4, 0.0003
0.8100000619888306, 0.8040000200271606
===========================
256, 0.05, 4, 0.001
0.8080000281333923, 0.8100000619888306
===========================
256, 0.05, 6, 0.0001
0.7580000162124634, 0.7740000486373901
===========================
256, 0.05, 6, 0.0003
0.8020000457763672, 0.8030000329017639
===========================
256, 0.05, 6, 0.001
0.8060000538825989, 0.7980000376701355
===========================
256, 0.05, 10, 0.0001
0.7640000581741333, 0.7500000596046448
===========================
256, 0.05, 10, 0.0003
0.7940000295639038, 0.8070000410079956
===========================
256, 0.05, 10, 0.001
0.812000036239624, 0.812000036239624
===========================
256, 0.05, 18.2, 0.0001
0.7440000176429749, 0.7720000147819519
===========================
256, 0.05, 18.2, 0.0003
0.7880000472068787, 0.7890000343322754
===========================
256, 0.05, 18.2, 0.001
0.8060000538825989, 0.8020000457763672
===========================
256, 0.1, 2, 0.0001
0.8100000619888306, 0.7950000166893005
===========================
256, 0.1, 2, 0.0003
0.8060000538825989, 0.8070000410079956
===========================
256, 0.1, 2, 0.001
0.812000036239624, 0.8250000476837158
===========================
256, 0.1, 4, 0.0001
0.7780000567436218, 0.7670000195503235
===========================
256, 0.1, 4, 0.0003
0.7940000295639038, 0.7850000262260437
===========================
256, 0.1, 4, 0.001
0.8140000104904175, 0.8050000667572021
===========================
256, 0.1, 6, 0.0001
0.7880000472068787, 0.7910000085830688
===========================
256, 0.1, 6, 0.0003
0.796000063419342, 0.8010000586509705
===========================
256, 0.1, 6, 0.001
0.8080000281333923, 0.7970000505447388
===========================
256, 0.1, 10, 0.0001
0.7480000257492065, 0.7730000615119934
===========================
256, 0.1, 10, 0.0003
0.784000039100647, 0.7910000085830688
===========================
256, 0.1, 10, 0.001
0.8040000200271606, 0.7980000376701355
===========================
256, 0.1, 18.2, 0.0001
0.7400000095367432, 0.7680000066757202
===========================
256, 0.1, 18.2, 0.0003
0.7880000472068787, 0.796000063419342
===========================
256, 0.1, 18.2, 0.001
0.7980000376701355, 0.7950000166893005
===========================
256, 0.15, 2, 0.0001
0.7980000376701355, 0.7870000600814819
===========================
256, 0.15, 2, 0.0003
0.8080000281333923, 0.7990000247955322
===========================
256, 0.15, 2, 0.001
0.8060000538825989, 0.8110000491142273
===========================
256, 0.15, 4, 0.0001
0.7820000648498535, 0.7880000472068787
===========================
256, 0.15, 4, 0.0003
0.8080000281333923, 0.8030000329017639
===========================
256, 0.15, 4, 0.001
0.8040000200271606, 0.7950000166893005
===========================
256, 0.15, 6, 0.0001
0.7920000553131104, 0.7760000228881836
===========================
256, 0.15, 6, 0.0003
0.8060000538825989, 0.7860000133514404
===========================
256, 0.15, 6, 0.001
0.8060000538825989, 0.812000036239624
===========================
256, 0.15, 10, 0.0001
0.7500000596046448, 0.7660000324249268
===========================
256, 0.15, 10, 0.0003
0.7920000553131104, 0.796000063419342
===========================
256, 0.15, 10, 0.001
0.7980000376701355, 0.7970000505447388
===========================
256, 0.15, 18.2, 0.0001
0.7600000500679016, 0.7800000309944153
===========================
256, 0.15, 18.2, 0.0003
0.7900000214576721, 0.8060000538825989
===========================
256, 0.15, 18.2, 0.001
0.796000063419342, 0.8030000329017639
===========================
256, 0.25, 2, 0.0001
0.8040000200271606, 0.796000063419342
===========================
256, 0.25, 2, 0.0003
0.8020000457763672, 0.815000057220459
===========================
256, 0.25, 2, 0.001
0.8060000538825989, 0.7990000247955322
===========================
256, 0.25, 4, 0.0001
0.7760000228881836, 0.7720000147819519
===========================
256, 0.25, 4, 0.0003
0.796000063419342, 0.7770000100135803
===========================
256, 0.25, 4, 0.001
0.8100000619888306, 0.7920000553131104
===========================
256, 0.25, 6, 0.0001
0.7740000486373901, 0.7920000553131104
===========================
256, 0.25, 6, 0.0003
0.8040000200271606, 0.8080000281333923
===========================
256, 0.25, 6, 0.001
0.812000036239624, 0.8040000200271606
===========================
256, 0.25, 10, 0.0001
0.7280000448226929, 0.7330000400543213
===========================
256, 0.25, 10, 0.0003
0.796000063419342, 0.7940000295639038
===========================
256, 0.25, 10, 0.001
0.8060000538825989, 0.7950000166893005
===========================
256, 0.25, 18.2, 0.0001
0.7560000419616699, 0.7730000615119934
===========================
256, 0.25, 18.2, 0.0003
0.7880000472068787, 0.7970000505447388
===========================
256, 0.25, 18.2, 0.001
0.8140000104904175, 0.796000063419342
===========================
256, 0.3, 2, 0.0001
0.7920000553131104, 0.8090000152587891
===========================
256, 0.3, 2, 0.0003
0.800000011920929, 0.8050000667572021
===========================
256, 0.3, 2, 0.001
0.8100000619888306, 0.8170000314712524
===========================
256, 0.3, 4, 0.0001
0.7660000324249268, 0.7760000228881836
===========================
256, 0.3, 4, 0.0003
0.800000011920929, 0.8030000329017639
===========================
256, 0.3, 4, 0.001
0.8040000200271606, 0.8060000538825989
===========================
256, 0.3, 6, 0.0001
0.7560000419616699, 0.7350000143051147
===========================
256, 0.3, 6, 0.0003
0.8020000457763672, 0.7820000648498535
===========================
256, 0.3, 6, 0.001
0.8060000538825989, 0.8010000586509705
===========================
