64, 0.05, 2, 0.0001
0.7760000228881836, 0.7870000600814819
===========================
64, 0.05, 2, 0.0003
0.8080000281333923, 0.7970000505447388
===========================
64, 0.05, 2, 0.001
0.8020000457763672, 0.796000063419342
===========================
64, 0.05, 4, 0.0001
0.7920000553131104, 0.7910000085830688
===========================
64, 0.05, 4, 0.0003
0.7900000214576721, 0.7880000472068787
===========================
64, 0.05, 4, 0.001
0.8080000281333923, 0.8080000281333923
===========================
64, 0.05, 6, 0.0001
0.718000054359436, 0.7150000333786011
===========================
64, 0.05, 6, 0.0003
0.8040000200271606, 0.8140000104904175
===========================
64, 0.05, 6, 0.001
0.8060000538825989, 0.8200000524520874
===========================
64, 0.05, 10, 0.0001
0.734000027179718, 0.737000048160553
===========================
64, 0.05, 10, 0.0003
0.7940000295639038, 0.8020000457763672
===========================
64, 0.05, 10, 0.001
0.8020000457763672, 0.8030000329017639
===========================
64, 0.05, 18.2, 0.0001
0.6420000195503235, 0.6650000214576721
===========================
64, 0.05, 18.2, 0.0003
0.7900000214576721, 0.8090000152587891
===========================
64, 0.05, 18.2, 0.001
0.796000063419342, 0.7790000438690186
===========================
64, 0.1, 2, 0.0001
0.7700000405311584, 0.7740000486373901
===========================
64, 0.1, 2, 0.0003
0.796000063419342, 0.781000018119812
===========================
64, 0.1, 2, 0.001
0.8040000200271606, 0.7990000247955322
===========================
64, 0.1, 4, 0.0001
0.7920000553131104, 0.7990000247955322
===========================
64, 0.1, 4, 0.0003
0.812000036239624, 0.8070000410079956
===========================
64, 0.1, 4, 0.001
0.8020000457763672, 0.7950000166893005
===========================
64, 0.1, 6, 0.0001
0.7320000529289246, 0.7620000243186951
===========================
64, 0.1, 6, 0.0003
0.7880000472068787, 0.7780000567436218
===========================
64, 0.1, 6, 0.001
0.796000063419342, 0.8010000586509705
===========================
64, 0.1, 10, 0.0001
0.718000054359436, 0.7500000596046448
===========================
64, 0.1, 10, 0.0003
0.7720000147819519, 0.7750000357627869
===========================
64, 0.1, 10, 0.001
0.800000011920929, 0.7880000472068787
===========================
64, 0.1, 18.2, 0.0001
0.6700000166893005, 0.6920000314712524
===========================
64, 0.1, 18.2, 0.0003
0.7680000066757202, 0.76500004529953
===========================
64, 0.1, 18.2, 0.001
0.8040000200271606, 0.8020000457763672
===========================
64, 0.15, 2, 0.0001
0.7700000405311584, 0.7710000276565552
===========================
64, 0.15, 2, 0.0003
0.8020000457763672, 0.7890000343322754
===========================
64, 0.15, 2, 0.001
0.796000063419342, 0.7930000424385071
===========================
64, 0.15, 4, 0.0001
0.6240000128746033, 0.6360000371932983
===========================
64, 0.15, 4, 0.0003
0.7800000309944153, 0.7630000114440918
===========================
64, 0.15, 4, 0.001
0.8060000538825989, 0.8080000281333923
===========================
64, 0.15, 6, 0.0001
0.6640000343322754, 0.6510000228881836
===========================
64, 0.15, 6, 0.0003
0.8060000538825989, 0.784000039100647
===========================
64, 0.15, 6, 0.001
0.8020000457763672, 0.800000011920929
===========================
64, 0.15, 10, 0.0001
0.6140000224113464, 0.5879999995231628
===========================
