Pubmed, 64, 0.05, 2, 0.0001
0.48000001907348633, 0.46800002455711365
===========================
Pubmed, 64, 0.05, 2, 0.0003
0.7240000367164612, 0.6960000395774841
===========================
Pubmed, 64, 0.05, 2, 0.001
0.8020000457763672, 0.7770000100135803
===========================
Pubmed, 64, 0.05, 4, 0.0001
0.4280000329017639, 0.41200003027915955
===========================
Pubmed, 64, 0.05, 4, 0.0003
0.6140000224113464, 0.5870000123977661
===========================
Pubmed, 64, 0.05, 4, 0.001
0.7940000295639038, 0.7850000262260437
===========================
Pubmed, 64, 0.05, 6, 0.0001
0.41600000858306885, 0.4240000247955322
===========================
Pubmed, 64, 0.05, 6, 0.0003
0.40800002217292786, 0.4320000112056732
===========================
Pubmed, 64, 0.05, 6, 0.001
0.7800000309944153, 0.7620000243186951
===========================
Pubmed, 64, 0.05, 10, 0.0001
0.23000000417232513, 0.21700000762939453
===========================
Pubmed, 64, 0.05, 10, 0.0003
0.4400000274181366, 0.42900002002716064
===========================
Pubmed, 64, 0.05, 10, 0.001
0.7940000295639038, 0.7850000262260437
===========================
Pubmed, 64, 0.05, 18.2, 0.0001
0.5680000185966492, 0.5710000395774841
===========================
Pubmed, 64, 0.05, 18.2, 0.0003
0.4520000219345093, 0.4610000252723694
===========================
Pubmed, 64, 0.05, 18.2, 0.001
0.800000011920929, 0.7930000424385071
===========================
Pubmed, 64, 0.1, 2, 0.0001
0.49400001764297485, 0.5020000338554382
===========================
Pubmed, 64, 0.1, 2, 0.0003
0.7300000190734863, 0.7240000367164612
===========================
Pubmed, 64, 0.1, 2, 0.001
0.7900000214576721, 0.7870000600814819
===========================
Pubmed, 64, 0.1, 4, 0.0001
0.19600000977516174, 0.18000000715255737
===========================
Pubmed, 64, 0.1, 4, 0.0003
0.7040000557899475, 0.6920000314712524
===========================
Pubmed, 64, 0.1, 4, 0.001
0.7860000133514404, 0.7820000648498535
===========================
Pubmed, 64, 0.1, 6, 0.0001
0.19600000977516174, 0.18000000715255737
===========================
Pubmed, 64, 0.1, 6, 0.0003
0.7400000095367432, 0.7270000576972961
===========================
Pubmed, 64, 0.1, 6, 0.001
0.796000063419342, 0.7900000214576721
===========================
Pubmed, 64, 0.1, 10, 0.0001
0.3960000276565552, 0.406000018119812
===========================
Pubmed, 64, 0.1, 10, 0.0003
0.527999997138977, 0.5200000405311584
===========================
Pubmed, 64, 0.1, 10, 0.001
0.7820000648498535, 0.7670000195503235
===========================
Pubmed, 64, 0.1, 18.2, 0.0001
0.398000031709671, 0.4050000309944153
===========================
Pubmed, 64, 0.1, 18.2, 0.0003
0.5400000214576721, 0.5420000553131104
===========================
Pubmed, 64, 0.1, 18.2, 0.001
0.6360000371932983, 0.6350000500679016
===========================
Pubmed, 64, 0.15, 2, 0.0001
0.4620000123977661, 0.48500001430511475
===========================
Pubmed, 64, 0.15, 2, 0.0003
0.7420000433921814, 0.7220000624656677
===========================
Pubmed, 64, 0.15, 2, 0.001
0.7880000472068787, 0.7740000486373901
===========================
Pubmed, 64, 0.15, 4, 0.0001
0.3660000264644623, 0.3830000162124634
===========================
Pubmed, 64, 0.15, 4, 0.0003
0.7160000205039978, 0.6820000410079956
===========================
Pubmed, 64, 0.15, 4, 0.001
0.7780000567436218, 0.7690000534057617
===========================
Pubmed, 64, 0.15, 6, 0.0001
0.5240000486373901, 0.5220000147819519
===========================
Pubmed, 64, 0.15, 6, 0.0003
0.5560000538825989, 0.5390000343322754
===========================
Pubmed, 64, 0.15, 6, 0.001
0.6840000152587891, 0.6800000071525574
===========================
Pubmed, 64, 0.15, 10, 0.0001
0.406000018119812, 0.37800002098083496
===========================
Pubmed, 64, 0.15, 10, 0.0003
0.7280000448226929, 0.7320000529289246
===========================
